host.id,tree.id,xcoord,tips,reads,subgraphs,clades,overall.rtt,largest.rtt,max.branch.length,max.pat.distance,global.mean.pat.distance,subgraph.mean.pat.distance,normalised.overall.rtt,normalised.largest.rtt,normalised.max.branch.length,normalised.max.pat.distance,normalised.global.mean.pat.distance,normalised.subgraph.mean.pat.distance,prop.gp.1,prop.gp.2,prop.gp.3,prop.gp.4,prop.gp.5,prop.gp.6,prop.gp.7
105,1000_to_1099,1049.5,10,10,1,1,0.9927924999999999,0.9927924999999999,0.967897,2.3831819999999997,1.2915500222222223,1.2915500222222223,0.9927924999999999,0.9927924999999999,0.967897,2.3831819999999997,1.2915500222222223,1.2915500222222223,1,0,0,0,0,0,0
106,1000_to_1099,1049.5,10,10,1,2,0.507797,0.507797,0.725808,1.2352480000000001,0.6331185333333333,0.6331185333333333,0.507797,0.507797,0.725808,1.2352480000000001,0.6331185333333333,0.6331185333333333,1,0,0,0,0,0,0
237,1000_to_1099,1049.5,10,10,1,1,0.48396599999999995,0.48396599999999995,0.488924,1.06276,0.6284393333333333,0.6284393333333333,0.48396599999999995,0.48396599999999995,0.488924,1.06276,0.6284393333333333,0.6284393333333333,1,0,0,0,0,0,0
70,1000_to_1099,1049.5,10,10,3,6,1.4340747999999999,1.3420874,1.275521,3.790242,2.325837511111111,1.902087,1.4340747999999999,1.3420874,1.275521,3.790242,2.325837511111111,1.902087,0.5,0.4,0.1,0,0,0,0
724,1000_to_1099,1049.5,10,10,1,4,2.1127431000000003,2.1127431000000003,1.803425,5.432392999999999,3.1618098,3.1618098,2.1127431000000003,2.1127431000000003,1.803425,5.432392999999999,3.1618098,3.1618098,1,0,0,0,0,0,0
727,1000_to_1099,1049.5,10,10,1,7,0.2883499,0.2883499,0.221804,0.5987129999999999,0.31333833333333333,0.31333833333333333,0.2883499,0.2883499,0.221804,0.5987129999999999,0.31333833333333333,0.31333833333333333,1,0,0,0,0,0,0
911,1000_to_1099,1049.5,10,10,1,5,1.2184251,1.2184251,2.123184,4.602295,1.9416652666666667,1.9416652666666667,1.2184251,1.2184251,2.123184,4.602295,1.9416652666666667,1.9416652666666667,1,0,0,0,0,0,0
94,1000_to_1099,1049.5,10,10,2,2,0.6067012,0.6084471111111112,0.5909800000000001,1.576835,0.8828879555555555,0.8037531666666666,0.6067012,0.6084471111111112,0.5909800000000001,1.576835,0.8828879555555555,0.8037531666666666,0.9,0.1,0,0,0,0,0
949,1000_to_1099,1049.5,10,10,4,4,6.3414049,3.0516822500000003,5.420683,15.854616,9.627050466666667,5.521065166666666,6.3414049,3.0516822500000003,5.420683,15.854616,9.627050466666667,5.521065166666666,0.4,0.4,0.1,0.1,0,0,0
105,10000_to_10099,10049.5,10,10,2,2,4.962198,1.7949689999999998,5.178498,9.10484,3.565031822222222,1.6432535714285714,4.962198,1.7949689999999998,5.178498,9.10484,3.565031822222222,1.6432535714285714,0.8,0.2,0,0,0,0,0
106,10000_to_10099,10049.5,10,10,2,4,0.7942399,0.11688416666666666,1.4345830000000002,2.138576,1.1357894000000002,0.19764553333333332,0.7942399,0.11688416666666666,1.4345830000000002,2.138576,1.1357894000000002,0.19764553333333332,0.6,0.4,0,0,0,0,0
237,10000_to_10099,10049.5,10,10,1,4,2.1517638000000003,2.1517638000000003,1.392722,3.967299,1.8428619555555557,1.8428619555555557,2.1517638000000003,2.1517638000000003,1.392722,3.967299,1.8428619555555557,1.8428619555555557,1,0,0,0,0,0,0
70,10000_to_10099,10049.5,10,10,3,5,3.6665905000000003,3.3306166,2.879683,9.484599000000001,5.407649311111111,4.7818758,3.6665905000000003,3.3306166,2.879683,9.484599000000001,5.407649311111111,4.7818758,0.5,0.4,0.1,0,0,0,0
724,10000_to_10099,10049.5,10,10,2,5,3.3638023000000006,3.5315673750000007,3.8062180000000003,9.988743,5.710217800000001,5.577632607142857,3.3638023000000006,3.5315673750000007,3.8062180000000003,9.988743,5.710217800000001,5.577632607142857,0.8,0.2,0,0,0,0,0
727,10000_to_10099,10049.5,10,10,1,1,0.3139932,0.3139932,0.221279,0.8427560000000001,0.4206197777777778,0.4206197777777778,0.3139932,0.3139932,0.221279,0.8427560000000001,0.4206197777777778,0.4206197777777778,1,0,0,0,0,0,0
911,10000_to_10099,10049.5,10,10,1,7,2.4791276999999994,2.4791276999999994,2.699335,7.094325000000001,3.5918296222222224,3.5918296222222224,2.4791276999999994,2.4791276999999994,2.699335,7.094325000000001,3.5918296222222224,3.5918296222222224,1,0,0,0,0,0,0
94,10000_to_10099,10049.5,10,10,1,3,2.1581148000000003,2.1581148000000003,2.187656,5.004130999999999,2.3577548,2.3577548,2.1581148000000003,2.1581148000000003,2.187656,5.004130999999999,2.3577548,2.3577548,1,0,0,0,0,0,0
949,10000_to_10099,10049.5,10,10,4,5,9.8448532,6.7487125,10.022057,26.680101,16.771814711111112,7.737344,9.8448532,6.7487125,10.022057,26.680101,16.771814711111112,7.737344,0.4,0.3,0.2,0.1,0,0,0
105,10100_to_10199,10149.5,10,10,2,2,1.2253719,0.744259625,2.488564,4.04155,2.0463956666666667,1.3072841785714286,1.2253719,0.744259625,2.488564,4.04155,2.0463956666666667,1.3072841785714286,0.8,0.2,0,0,0,0,0
106,10100_to_10199,10149.5,10,10,1,2,0.7102365,0.7102365,1.267507,1.8918599999999997,0.9953661555555554,0.9953661555555554,0.7102365,0.7102365,1.267507,1.8918599999999997,0.9953661555555554,0.9953661555555554,1,0,0,0,0,0,0
237,10100_to_10199,10149.5,10,10,1,3,1.0273611,1.0273611,1.024174,2.752462,1.4331328666666667,1.4331328666666667,1.0273611,1.0273611,1.024174,2.752462,1.4331328666666667,1.4331328666666667,1,0,0,0,0,0,0
70,10100_to_10199,10149.5,10,10,3,4,3.5730408000000002,0.8939265,4.4461450000000005,9.68344,5.140861822222222,1.0442556666666667,3.5730408000000002,0.8939265,4.4461450000000005,9.68344,5.140861822222222,1.0442556666666667,0.4,0.3,0.3,0,0,0,0
724,10100_to_10199,10149.5,10,10,1,3,2.7456045999999996,2.7456045999999996,2.659458,6.654491,4.445313377777778,4.445313377777778,2.7456045999999996,2.7456045999999996,2.659458,6.654491,4.445313377777778,4.445313377777778,1,0,0,0,0,0,0
727,10100_to_10199,10149.5,10,10,1,5,0.30741209999999997,0.30741209999999997,0.348266,0.840516,0.4459701555555556,0.4459701555555556,0.30741209999999997,0.30741209999999997,0.348266,0.840516,0.4459701555555556,0.4459701555555556,1,0,0,0,0,0,0
911,10100_to_10199,10149.5,10,10,1,3,2.9987588,2.9987588,3.05224,5.951589,3.4237096444444446,3.4237096444444446,2.9987588,2.9987588,3.05224,5.951589,3.4237096444444446,3.4237096444444446,1,0,0,0,0,0,0
94,10100_to_10199,10149.5,10,10,2,2,1.5480599,1.0753409999999999,1.5734979999999998,3.871104,2.175827488888889,1.4160324,1.5480599,1.0753409999999999,1.5734979999999998,3.871104,2.175827488888889,1.4160324,0.5,0.5,0,0,0,0,0
949,10100_to_10199,10149.5,10,10,1,1,5.8186155,5.8186155,3.97537,14.844073000000002,9.503514022222223,9.503514022222223,5.8186155,5.8186155,3.97537,14.844073000000002,9.503514022222223,9.503514022222223,1,0,0,0,0,0,0
105,10200_to_10299,10249.5,10,10,2,2,2.7369158000000007,2.1326223749999995,3.5665050000000003,9.200768,3.4103746666666668,2.081053392857143,2.7369158000000007,2.1326223749999995,3.5665050000000003,9.200768,3.4103746666666668,2.081053392857143,0.8,0.2,0,0,0,0,0
106,10200_to_10299,10249.5,10,10,1,2,0.9211598000000002,0.9211598000000002,1.5275330000000003,2.4644220000000003,1.3414824888888892,1.3414824888888892,0.9211598000000002,0.9211598000000002,1.5275330000000003,2.4644220000000003,1.3414824888888892,1.3414824888888892,1,0,0,0,0,0,0
237,10200_to_10299,10249.5,10,10,1,2,1.5839286000000001,1.5839286000000001,1.734791,4.95651,2.0475372,2.0475372,1.5839286000000001,1.5839286000000001,1.734791,4.95651,2.0475372,2.0475372,1,0,0,0,0,0,0
70,10200_to_10299,10249.5,10,10,2,5,6.037409599999999,3.811819857142857,6.711371999999999,16.930844999999998,8.797066488888888,5.6968879999999995,6.037409599999999,3.811819857142857,6.711371999999999,16.930844999999998,8.797066488888888,5.6968879999999995,0.7,0.3,0,0,0,0,0
724,10200_to_10299,10249.5,10,10,1,1,3.3883492000000004,3.3883492000000004,3.969901,9.289317,5.547028622222222,5.547028622222222,3.3883492000000004,3.3883492000000004,3.969901,9.289317,5.547028622222222,5.547028622222222,1,0,0,0,0,0,0
727,10200_to_10299,10249.5,10,10,1,6,0.4225086,0.4225086,0.321787,1.184953,0.5686712888888888,0.5686712888888888,0.4225086,0.4225086,0.321787,1.184953,0.5686712888888888,0.5686712888888888,1,0,0,0,0,0,0
911,10200_to_10299,10249.5,10,10,1,2,2.5674705999999996,2.5674705999999996,3.539123,6.785023000000001,4.114803333333334,4.114803333333334,2.5674705999999996,2.5674705999999996,3.539123,6.785023000000001,4.114803333333334,4.114803333333334,1,0,0,0,0,0,0
94,10200_to_10299,10249.5,10,10,1,7,2.4571365,2.4571365,2.461745,7.146147999999999,3.1071111333333334,3.1071111333333334,2.4571365,2.4571365,2.461745,7.146147999999999,3.1071111333333334,3.1071111333333334,1,0,0,0,0,0,0
949,10200_to_10299,10249.5,10,10,2,2,20.0949301,14.966517857142858,20.902245,47.991646,26.206889444444442,19.00453038095238,20.0949301,14.966517857142858,20.902245,47.991646,26.206889444444442,19.00453038095238,0.7,0.3,0,0,0,0,0
105,10300_to_10399,10349.5,10,10,2,2,3.3959612,2.388293375,3.18723,8.404814,3.7205017333333332,2.6268203928571427,3.3959612,2.388293375,3.18723,8.404814,3.7205017333333332,2.6268203928571427,0.8,0.2,0,0,0,0,0
106,10300_to_10399,10349.5,10,10,2,7,1.0796275999999998,0.25982599999999995,1.857787,2.37424,1.2229330666666667,0.17567133333333335,1.0796275999999998,0.25982599999999995,1.857787,2.37424,1.2229330666666667,0.17567133333333335,0.6,0.4,0,0,0,0,0
237,10300_to_10399,10349.5,10,10,1,1,1.1799798000000001,1.1799798000000001,1.128905,3.183856,1.605317511111111,1.605317511111111,1.1799798000000001,1.1799798000000001,1.128905,3.183856,1.605317511111111,1.605317511111111,1,0,0,0,0,0,0
70,10300_to_10399,10349.5,10,10,3,4,6.1724429999999995,3.308893666666666,9.029081999999999,19.047297999999998,9.58954902222222,4.869906133333333,6.1724429999999995,3.308893666666666,9.029081999999999,19.047297999999998,9.58954902222222,4.869906133333333,0.6,0.3,0.1,0,0,0,0
724,10300_to_10399,10349.5,10,10,1,6,2.2019455,2.2019455,2.779835,6.238548,3.9002106444444444,3.9002106444444444,2.2019455,2.2019455,2.779835,6.238548,3.9002106444444444,3.9002106444444444,1,0,0,0,0,0,0
727,10300_to_10399,10349.5,10,10,1,1,0.3502911,0.3502911,0.400179,1.147395,0.5766270444444445,0.5766270444444445,0.3502911,0.3502911,0.400179,1.147395,0.5766270444444445,0.5766270444444445,1,0,0,0,0,0,0
911,10300_to_10399,10349.5,10,10,1,1,2.9835114999999996,2.9835114999999996,4.105711,8.239975000000001,4.521855622222223,4.521855622222223,2.9835114999999996,2.9835114999999996,4.105711,8.239975000000001,4.521855622222223,4.521855622222223,1,0,0,0,0,0,0
94,10300_to_10399,10349.5,10,10,2,3,1.9869256999999998,1.9449865555555554,1.7595399999999999,3.869642,2.308255711111111,2.076795388888889,1.9869256999999998,1.9449865555555554,1.7595399999999999,3.869642,2.308255711111111,2.076795388888889,0.9,0.1,0,0,0,0,0
949,10300_to_10399,10349.5,10,10,4,4,9.920534799999999,6.0825435,8.8927600000000009,29.540849,16.334366133333333,10.124275333333333,9.920534799999999,6.0825435,8.8927600000000009,29.540849,16.334366133333333,10.124275333333333,0.4,0.3,0.2,0.1,0,0,0
105,10400_to_10499,10449.5,10,10,2,2,4.5171728,1.2150340000000002,5.356192999999999,7.4768110000000005,3.5672140444444445,1.8288060714285714,4.5171728,1.2150340000000002,5.356192999999999,7.4768110000000005,3.5672140444444445,1.8288060714285714,0.8,0.2,0,0,0,0,0
106,10400_to_10499,10449.5,10,10,1,1,0.897556,0.897556,1.274995,1.901403,0.9922581333333333,0.9922581333333333,0.897556,0.897556,1.274995,1.901403,0.9922581333333333,0.9922581333333333,1,0,0,0,0,0,0
237,10400_to_10499,10449.5,10,10,1,4,1.0585373,1.0585373,0.902558,2.7785399999999996,1.432580111111111,1.432580111111111,1.0585373,1.0585373,0.902558,2.7785399999999996,1.432580111111111,1.432580111111111,1,0,0,0,0,0,0
70,10400_to_10499,10449.5,10,10,3,7,4.2739748,2.371553125,7.151268,13.960322999999999,5.658165644444444,3.5109285357142856,4.2739748,2.371553125,7.151268,13.960322999999999,5.658165644444444,3.5109285357142856,0.8,0.1,0.1,0,0,0,0
724,10400_to_10499,10449.5,10,10,1,6,4.0198453999999995,4.0198453999999995,3.100129,9.987763,5.404067777777778,5.404067777777778,4.0198453999999995,4.0198453999999995,3.100129,9.987763,5.404067777777778,5.404067777777778,1,0,0,0,0,0,0
727,10400_to_10499,10449.5,10,10,1,5,0.5461341,0.5461341,0.31453,0.9568889999999999,0.5082802444444444,0.5082802444444444,0.5461341,0.5461341,0.31453,0.9568889999999999,0.5082802444444444,0.5082802444444444,1,0,0,0,0,0,0
911,10400_to_10499,10449.5,10,10,1,4,1.7948522000000005,1.7948522000000005,1.652939,5.3363439999999995,2.904162311111111,2.904162311111111,1.7948522000000005,1.7948522000000005,1.652939,5.3363439999999995,2.904162311111111,2.904162311111111,1,0,0,0,0,0,0
94,10400_to_10499,10449.5,10,10,1,3,1.1434584000000003,1.1434584000000003,0.900405,2.6717450000000005,1.6085442666666667,1.6085442666666667,1.1434584000000003,1.1434584000000003,0.900405,2.6717450000000005,1.6085442666666667,1.6085442666666667,1,0,0,0,0,0,0
949,10400_to_10499,10449.5,10,10,2,2,7.034209199999999,5.583827124999999,10.222342,24.016916,12.179955644444444,10.15782082142857,7.034209199999999,5.583827124999999,10.222342,24.016916,12.179955644444444,10.15782082142857,0.8,0.2,0,0,0,0,0
105,10500_to_10599,10549.5,10,10,2,2,3.705558,1.467946375,4.19817,6.828971,3.1224918666666666,1.6538523928571427,3.705558,1.467946375,4.19817,6.828971,3.1224918666666666,1.6538523928571427,0.8,0.2,0,0,0,0,0
106,10500_to_10599,10549.5,10,10,1,1,0.9790889999999999,0.9790889999999999,1.605525,2.3911440000000006,1.2401208000000001,1.2401208000000001,0.9790889999999999,0.9790889999999999,1.605525,2.3911440000000006,1.2401208000000001,1.2401208000000001,1,0,0,0,0,0,0
237,10500_to_10599,10549.5,10,10,1,4,1.1708199,1.1708199,0.752448,2.54208,1.3960528222222222,1.3960528222222222,1.1708199,1.1708199,0.752448,2.54208,1.3960528222222222,1.3960528222222222,1,0,0,0,0,0,0
70,10500_to_10599,10549.5,10,10,2,3,4.6184127,4.232423666666667,5.032292,12.179451999999998,6.204767088888889,4.796524533333334,4.6184127,4.232423666666667,5.032292,12.179451999999998,6.204767088888889,4.796524533333334,0.6,0.4,0,0,0,0,0
724,10500_to_10599,10549.5,10,10,1,4,3.874665099999999,3.874665099999999,4.304733000000001,9.409388,5.095853977777778,5.095853977777778,3.874665099999999,3.874665099999999,4.304733000000001,9.409388,5.095853977777778,5.095853977777778,1,0,0,0,0,0,0
727,10500_to_10599,10549.5,10,10,1,1,0.5469162999999999,0.5469162999999999,0.211639,0.881708,0.46365535555555554,0.46365535555555554,0.5469162999999999,0.5469162999999999,0.211639,0.881708,0.46365535555555554,0.46365535555555554,1,0,0,0,0,0,0
911,10500_to_10599,10549.5,10,10,1,3,2.6396318,2.6396318,2.234057,7.293201,4.1819024888888885,4.1819024888888885,2.6396318,2.6396318,2.234057,7.293201,4.1819024888888885,4.1819024888888885,1,0,0,0,0,0,0
94,10500_to_10599,10549.5,10,10,1,4,1.069886,1.069886,1.232538,2.588189,1.5925790222222223,1.5925790222222223,1.069886,1.069886,1.232538,2.588189,1.5925790222222223,1.5925790222222223,1,0,0,0,0,0,0
949,10500_to_10599,10549.5,10,10,1,1,9.865560300000002,9.865560300000002,13.022032,31.553105,15.812510688888889,15.812510688888889,9.865560300000002,9.865560300000002,13.022032,31.553105,15.812510688888889,15.812510688888889,1,0,0,0,0,0,0
105,10600_to_10699,10649.5,10,10,2,2,3.1705112,1.23796225,4.114784,7.250534,3.2490015111111115,2.0722635714285715,3.1705112,1.23796225,4.114784,7.250534,3.2490015111111115,2.0722635714285715,0.8,0.2,0,0,0,0,0
106,10600_to_10699,10649.5,10,10,1,6,1.1007755000000001,1.1007755000000001,1.8320210000000001,2.8250810000000004,1.4559251333333334,1.4559251333333334,1.1007755000000001,1.1007755000000001,1.8320210000000001,2.8250810000000004,1.4559251333333334,1.4559251333333334,1,0,0,0,0,0,0
237,10600_to_10699,10649.5,10,10,1,6,1.3403829,1.3403829,0.561722,1.6839819999999999,1.0600322,1.0600322,1.3403829,1.3403829,0.561722,1.6839819999999999,1.0600322,1.0600322,1,0,0,0,0,0,0
70,10600_to_10699,10649.5,10,10,2,4,4.098962500000001,2.3412035,5.020484,10.139255,5.710066155555556,3.655988466666667,4.098962500000001,2.3412035,5.020484,10.139255,5.710066155555556,3.655988466666667,0.6,0.4,0,0,0,0,0
724,10600_to_10699,10649.5,10,10,1,4,3.7833191,3.7833191,4.136797,10.716456999999998,5.473370822222222,5.473370822222222,3.7833191,3.7833191,4.136797,10.716456999999998,5.473370822222222,5.473370822222222,1,0,0,0,0,0,0
727,10600_to_10699,10649.5,10,10,1,1,0.26885349999999997,0.26885349999999997,0.2499,0.924272,0.3981429111111111,0.3981429111111111,0.26885349999999997,0.26885349999999997,0.2499,0.924272,0.3981429111111111,0.3981429111111111,1,0,0,0,0,0,0
911,10600_to_10699,10649.5,10,10,1,4,2.596385,2.596385,3.444837,7.3906089999999995,4.1748637777777775,4.1748637777777775,2.596385,2.596385,3.444837,7.3906089999999995,4.1748637777777775,4.1748637777777775,1,0,0,0,0,0,0
94,10600_to_10699,10649.5,10,10,2,2,1.3278659000000002,1.314857222222222,0.982285,2.937993,1.637107088888889,1.5996855555555556,1.3278659000000002,1.314857222222222,0.982285,2.937993,1.637107088888889,1.5996855555555556,0.9,0.1,0,0,0,0,0
949,10600_to_10699,10649.5,10,10,3,3,11.8375275,11.967519166666667,10.442638999999998,30.888294000000002,19.530206288888888,19.814877133333333,11.8375275,11.967519166666667,10.442638999999998,30.888294000000002,19.530206288888888,19.814877133333333,0.6,0.3,0.1,0,0,0,0
105,10700_to_10799,10749.5,10,10,2,2,2.2587139,1.382231125,3.605714,6.881257000000001,3.162746822222222,2.1584803214285713,2.2587139,1.382231125,3.605714,6.881257000000001,3.162746822222222,2.1584803214285713,0.8,0.2,0,0,0,0,0
106,10700_to_10799,10749.5,10,10,1,6,0.8105613999999999,0.8105613999999999,1.28138,1.9749389999999998,1.015309511111111,1.015309511111111,0.8105613999999999,0.8105613999999999,1.28138,1.9749389999999998,1.015309511111111,1.015309511111111,1,0,0,0,0,0,0
237,10700_to_10799,10749.5,10,10,1,3,0.9072095000000001,0.9072095000000001,0.727567,2.197574,1.2187606888888889,1.2187606888888889,0.9072095000000001,0.9072095000000001,0.727567,2.197574,1.2187606888888889,1.2187606888888889,1,0,0,0,0,0,0
70,10700_to_10799,10749.5,10,10,3,5,3.5735775999999992,3.0527513999999996,3.7129139999999996,9.725250999999998,5.433835688888888,3.7913044,3.5735775999999992,3.0527513999999996,3.7129139999999996,9.725250999999998,5.433835688888888,3.7913044,0.5,0.4,0.1,0,0,0,0
724,10700_to_10799,10749.5,10,10,1,4,2.9732419,2.9732419,3.204207,10.044922,5.024798333333333,5.024798333333333,2.9732419,2.9732419,3.204207,10.044922,5.024798333333333,5.024798333333333,1,0,0,0,0,0,0
727,10700_to_10799,10749.5,10,10,1,1,0.2571223,0.2571223,0.235216,0.8071929999999999,0.38242642222222223,0.38242642222222223,0.2571223,0.2571223,0.235216,0.8071929999999999,0.38242642222222223,0.38242642222222223,1,0,0,0,0,0,0
911,10700_to_10799,10749.5,10,10,1,4,2.4496732,2.4496732,3.146988,6.548649,3.3660649333333335,3.3660649333333335,2.4496732,2.4496732,3.146988,6.548649,3.3660649333333335,3.3660649333333335,1,0,0,0,0,0,0
94,10700_to_10799,10749.5,10,10,1,1,1.4168935999999999,1.4168935999999999,0.8700840000000001,2.541723,1.5317118666666667,1.5317118666666667,1.4168935999999999,1.4168935999999999,0.8700840000000001,2.541723,1.5317118666666667,1.5317118666666667,1,0,0,0,0,0,0
949,10700_to_10799,10749.5,10,10,1,1,8.1137765,8.1137765,9.347226,21.217048,13.2931902,13.2931902,8.1137765,8.1137765,9.347226,21.217048,13.2931902,13.2931902,1,0,0,0,0,0,0
105,10800_to_10899,10849.5,10,10,2,6,1.2457911999999998,0.920612,1.988397,4.674084000000001,1.9759352,1.5226032142857142,1.2457911999999998,0.920612,1.988397,4.674084000000001,1.9759352,1.5226032142857142,0.8,0.2,0,0,0,0,0
106,10800_to_10899,10849.5,10,10,2,5,0.5699583,0.14525616666666666,0.8693150000000001,1.3251339999999998,0.7369050444444444,0.19465326666666669,0.5699583,0.14525616666666666,0.8693150000000001,1.3251339999999998,0.7369050444444444,0.19465326666666669,0.6,0.4,0,0,0,0,0
237,10800_to_10899,10849.5,10,10,1,3,0.5136267,0.5136267,0.787883,1.657985,0.811633711111111,0.811633711111111,0.5136267,0.5136267,0.787883,1.657985,0.811633711111111,0.811633711111111,1,0,0,0,0,0,0
70,10800_to_10899,10849.5,10,10,1,5,2.749837,2.749837,3.2093019999999997,6.70185,3.945040311111111,3.945040311111111,2.749837,2.749837,3.2093019999999997,6.70185,3.945040311111111,3.945040311111111,1,0,0,0,0,0,0
724,10800_to_10899,10849.5,10,10,2,9,2.1114997,2.289223111111111,1.700703,5.403776,2.670355311111111,2.637641111111111,2.1114997,2.289223111111111,1.700703,5.403776,2.670355311111111,2.637641111111111,0.9,0.1,0,0,0,0,0
727,10800_to_10899,10849.5,10,10,1,1,0.25137940000000003,0.25137940000000003,0.261708,0.875405,0.3763614666666667,0.3763614666666667,0.25137940000000003,0.25137940000000003,0.261708,0.875405,0.3763614666666667,0.3763614666666667,1,0,0,0,0,0,0
911,10800_to_10899,10849.5,10,10,1,2,2.4250164000000005,2.4250164000000005,1.902566,4.119667,2.4168889333333334,2.4168889333333334,2.4250164000000005,2.4250164000000005,1.902566,4.119667,2.4168889333333334,2.4168889333333334,1,0,0,0,0,0,0
94,10800_to_10899,10849.5,10,10,1,2,1.0116280000000002,1.0116280000000002,0.804032,2.277088,1.240798088888889,1.240798088888889,1.0116280000000002,1.0116280000000002,0.804032,2.277088,1.240798088888889,1.240798088888889,1,0,0,0,0,0,0
949,10800_to_10899,10849.5,10,10,2,2,8.4659527,5.622459666666666,11.161614,23.409792000000003,9.846439533333333,8.112031,8.4659527,5.622459666666666,11.161614,23.409792000000003,9.846439533333333,8.112031,0.9,0.1,0,0,0,0,0
105,10900_to_10999,10949.5,10,10,2,4,2.9986266,1.4126605,6.727551,11.022316999999997,4.424188311111111,2.023852785714286,2.9986266,1.4126605,6.727551,11.022316999999997,4.424188311111111,2.023852785714286,0.8,0.2,0,0,0,0,0
106,10900_to_10999,10949.5,10,10,1,9,0.7786869,0.7786869,1.018904,1.9397069999999998,0.9997814444444445,0.9997814444444445,0.7786869,0.7786869,1.018904,1.9397069999999998,0.9997814444444445,0.9997814444444445,1,0,0,0,0,0,0
237,10900_to_10999,10949.5,10,10,1,9,0.9563162999999998,0.9563162999999998,0.909376,2.1558880000000005,1.2020625999999999,1.2020625999999999,0.9563162999999998,0.9563162999999998,0.909376,2.1558880000000005,1.2020625999999999,1.2020625999999999,1,0,0,0,0,0,0
70,10900_to_10999,10949.5,10,10,2,4,5.970316799999999,3.6631817142857144,10.447071,18.630553000000003,9.653746222222223,5.581298285714286,5.970316799999999,3.6631817142857144,10.447071,18.630553000000003,9.653746222222223,5.581298285714286,0.7,0.3,0,0,0,0,0
724,10900_to_10999,10949.5,10,10,3,3,4.6275983,3.7806774999999995,3.462007,15.308504999999998,7.024212022222222,3.9671488666666668,4.6275983,3.7806774999999995,3.462007,15.308504999999998,7.024212022222222,3.9671488666666668,0.6,0.2,0.2,0,0,0,0
727,10900_to_10999,10949.5,10,10,1,1,0.5725684,0.5725684,0.362968,1.045953,0.49737355555555557,0.49737355555555557,0.5725684,0.5725684,0.362968,1.045953,0.49737355555555557,0.49737355555555557,1,0,0,0,0,0,0
911,10900_to_10999,10949.5,10,10,1,6,4.2285804,4.2285804,5.709499,10.821895000000001,4.680334977777778,4.680334977777778,4.2285804,4.2285804,5.709499,10.821895000000001,4.680334977777778,4.680334977777778,1,0,0,0,0,0,0
94,10900_to_10999,10949.5,10,10,3,3,2.2885331,0.9674316666666667,2.0943020000000003,4.675427,2.857286466666667,1.4059826666666666,2.2885331,0.9674316666666667,2.0943020000000003,4.675427,2.857286466666667,1.4059826666666666,0.6,0.3,0.1,0,0,0,0
949,10900_to_10999,10949.5,10,10,1,1,9.2082393,9.2082393,13.490263,24.878667999999998,14.943071311111112,14.943071311111112,9.2082393,9.2082393,13.490263,24.878667999999998,14.943071311111112,14.943071311111112,1,0,0,0,0,0,0
105,1100_to_1199,1149.5,10,10,1,1,1.3907666000000003,1.3907666000000003,2.08558,3.8005610000000005,2.0948848444444446,2.0948848444444446,1.3907666000000003,1.3907666000000003,2.08558,3.8005610000000005,2.0948848444444446,2.0948848444444446,1,0,0,0,0,0,0
106,1100_to_1199,1149.5,10,10,2,3,0.7992343,0.27012699999999995,1.152804,1.7738699999999998,0.944699311111111,0.23062973333333334,0.7992343,0.27012699999999995,1.152804,1.7738699999999998,0.944699311111111,0.23062973333333334,0.6,0.4,0,0,0,0,0
237,1100_to_1199,1149.5,10,10,1,1,1.0198151000000002,1.0198151000000002,0.946439,2.86295,1.3518034444444444,1.3518034444444444,1.0198151000000002,1.0198151000000002,0.946439,2.86295,1.3518034444444444,1.3518034444444444,1,0,0,0,0,0,0
70,1100_to_1199,1149.5,10,10,3,5,4.9015678000000005,0.63044625,9.066069,13.432744000000001,7.462222622222223,1.1618778333333333,4.9015678000000005,0.63044625,9.066069,13.432744000000001,7.462222622222223,1.1618778333333333,0.4,0.3,0.3,0,0,0,0
724,1100_to_1199,1149.5,10,10,1,6,2.881294,2.881294,4.064884,10.346699999999998,4.851929688888889,4.851929688888889,2.881294,2.881294,4.064884,10.346699999999998,4.851929688888889,4.851929688888889,1,0,0,0,0,0,0
727,1100_to_1199,1149.5,10,10,1,1,0.3296512,0.3296512,0.235428,0.646913,0.3672623111111111,0.3672623111111111,0.3296512,0.3296512,0.235428,0.646913,0.3672623111111111,0.3672623111111111,1,0,0,0,0,0,0
911,1100_to_1199,1149.5,10,10,1,4,1.7372719999999997,1.7372719999999997,2.360475,4.617022,2.8654998666666667,2.8654998666666667,1.7372719999999997,1.7372719999999997,2.360475,4.617022,2.8654998666666667,2.8654998666666667,1,0,0,0,0,0,0
94,1100_to_1199,1149.5,10,10,1,3,1.5919931999999999,1.5919931999999999,1.269493,3.992397,2.1199001777777777,2.1199001777777777,1.5919931999999999,1.5919931999999999,1.269493,3.992397,2.1199001777777777,2.1199001777777777,1,0,0,0,0,0,0
949,1100_to_1199,1149.5,10,10,1,1,9.9600416,9.9600416,8.853197,24.350076,15.374802177777777,15.374802177777777,9.9600416,9.9600416,8.853197,24.350076,15.374802177777777,15.374802177777777,1,0,0,0,0,0,0
105,1200_to_1299,1249.5,10,10,2,3,2.0447616,1.5668318749999999,3.7887389999999996,7.049524999999999,3.305484622222222,2.1442264642857145,2.0447616,1.5668318749999999,3.7887389999999996,7.049524999999999,3.305484622222222,2.1442264642857145,0.8,0.2,0,0,0,0,0
106,1200_to_1299,1249.5,10,10,2,4,1.2928205999999998,0.105059,2.5011859999999997,3.3497849999999993,1.6941048888888888,0.18474066666666666,1.2928205999999998,0.105059,2.5011859999999997,3.3497849999999993,1.6941048888888888,0.18474066666666666,0.6,0.4,0,0,0,0,0
237,1200_to_1299,1249.5,10,10,1,7,0.7769893,0.7769893,1.368279,2.564788,1.1359084666666668,1.1359084666666668,0.7769893,0.7769893,1.368279,2.564788,1.1359084666666668,1.1359084666666668,1,0,0,0,0,0,0
70,1200_to_1299,1249.5,10,10,4,5,7.977420699999999,1.6266892,9.337739999999998,28.444580999999992,11.915604866666666,2.9050406,7.977420699999999,1.6266892,9.337739999999998,28.444580999999992,11.915604866666666,2.9050406,0.5,0.3,0.1,0.1,0,0,0
724,1200_to_1299,1249.5,10,10,2,6,4.7851441,4.139103444444444,9.925934,16.063132,7.2747002,5.577115888888889,4.7851441,4.139103444444444,9.925934,16.063132,7.2747002,5.577115888888889,0.9,0.1,0,0,0,0,0
727,1200_to_1299,1249.5,10,10,1,6,0.521795,0.521795,0.525474,1.405108,0.6279060888888889,0.6279060888888889,0.521795,0.521795,0.525474,1.405108,0.6279060888888889,0.6279060888888889,1,0,0,0,0,0,0
911,1200_to_1299,1249.5,10,10,1,6,3.8934311999999998,3.8934311999999998,2.60653,7.998075999999999,4.376667955555556,4.376667955555556,3.8934311999999998,3.8934311999999998,2.60653,7.998075999999999,4.376667955555556,4.376667955555556,1,0,0,0,0,0,0
94,1200_to_1299,1249.5,10,10,2,4,3.3758546000000003,0.7309191666666667,2.497063,6.17676,3.2056462666666667,1.0724791333333332,3.3758546000000003,0.7309191666666667,2.497063,6.17676,3.2056462666666667,1.0724791333333332,0.6,0.4,0,0,0,0,0
949,1200_to_1299,1249.5,10,10,2,2,17.4155863,7.255022142857143,24.871568000000003,40.252983,21.16447486666667,12.05077457142857,17.4155863,7.255022142857143,24.871568000000003,40.252983,21.16447486666667,12.05077457142857,0.7,0.3,0,0,0,0,0
105,1300_to_1399,1349.5,10,10,2,2,1.8569105999999997,1.3223442500000002,3.0422079999999996,6.205902,3.0075772444444446,2.196484142857143,1.8569105999999997,1.3223442500000002,3.0422079999999996,6.205902,3.0075772444444446,2.196484142857143,0.8,0.2,0,0,0,0,0
106,1300_to_1399,1349.5,10,10,2,5,1.4560117,0.12279783333333333,2.784237,3.870141,1.9474977999999998,0.19989793333333333,1.4560117,0.12279783333333333,2.784237,3.870141,1.9474977999999998,0.19989793333333333,0.6,0.4,0,0,0,0,0
237,1300_to_1399,1349.5,10,10,1,3,1.2682917,1.2682917,1.822752,4.086216,1.5839218888888889,1.5839218888888889,1.2682917,1.2682917,1.822752,4.086216,1.5839218888888889,1.5839218888888889,1,0,0,0,0,0,0
70,1300_to_1399,1349.5,10,10,3,5,5.178412200000001,2.011419,8.958448,16.713466,8.438202888888888,3.6469084,5.178412200000001,2.011419,8.958448,16.713466,8.438202888888888,3.6469084,0.5,0.4,0.1,0,0,0,0
724,1300_to_1399,1349.5,10,10,2,6,4.1762558,4.5261068571428575,3.438792,11.001126999999999,6.235647688888888,4.976133619047619,4.1762558,4.5261068571428575,3.438792,11.001126999999999,6.235647688888888,4.976133619047619,0.7,0.3,0,0,0,0,0
727,1300_to_1399,1349.5,10,10,1,1,0.4684147,0.4684147,0.384484,1.083296,0.5328953111111111,0.5328953111111111,0.4684147,0.4684147,0.384484,1.083296,0.5328953111111111,0.5328953111111111,1,0,0,0,0,0,0
911,1300_to_1399,1349.5,10,10,1,3,2.8760741000000003,2.8760741000000003,2.732291,7.198579,3.8567524222222223,3.8567524222222223,2.8760741000000003,2.8760741000000003,2.732291,7.198579,3.8567524222222223,3.8567524222222223,1,0,0,0,0,0,0
94,1300_to_1399,1349.5,10,10,2,3,2.9112994999999997,0.9526253333333333,2.42406,5.653534,2.9497481999999997,1.2212226666666668,2.9112994999999997,0.9526253333333333,2.42406,5.653534,2.9497481999999997,1.2212226666666668,0.6,0.4,0,0,0,0,0
949,1300_to_1399,1349.5,10,10,1,1,12.519142899999999,12.519142899999999,11.011718,28.931546000000004,15.576830822222224,15.576830822222224,12.519142899999999,12.519142899999999,11.011718,28.931546000000004,15.576830822222224,15.576830822222224,1,0,0,0,0,0,0
105,1400_to_1499,1449.5,10,10,2,2,3.1895319,1.4527050000000001,7.316623999999999,11.050147999999998,4.672404333333333,2.3838140714285716,3.1895319,1.4527050000000001,7.316623999999999,11.050147999999998,4.672404333333333,2.3838140714285716,0.8,0.2,0,0,0,0,0
106,1400_to_1499,1449.5,10,10,1,8,0.8741467,0.8741467,1.167548,1.91469,0.9981553111111111,0.9981553111111111,0.8741467,0.8741467,1.167548,1.91469,0.9981553111111111,0.9981553111111111,1,0,0,0,0,0,0
237,1400_to_1499,1449.5,10,10,1,4,0.9722093999999999,0.9722093999999999,1.166105,2.562177,1.221868311111111,1.221868311111111,0.9722093999999999,0.9722093999999999,1.166105,2.562177,1.221868311111111,1.221868311111111,1,0,0,0,0,0,0
70,1400_to_1499,1449.5,10,10,2,6,6.651343200000001,5.264128,7.836927,21.784994,9.586851822222222,5.5461540000000005,6.651343200000001,5.264128,7.836927,21.784994,9.586851822222222,5.5461540000000005,0.5,0.5,0,0,0,0,0
724,1400_to_1499,1449.5,10,10,2,4,4.036304599999999,3.0411794444444444,5.552415,10.182459,5.532009911111111,4.766613777777778,4.036304599999999,3.0411794444444444,5.552415,10.182459,5.532009911111111,4.766613777777778,0.9,0.1,0,0,0,0,0
727,1400_to_1499,1449.5,10,10,1,1,0.3464374,0.3464374,0.336291,0.8889659999999999,0.4041738222222222,0.4041738222222222,0.3464374,0.3464374,0.336291,0.8889659999999999,0.4041738222222222,0.4041738222222222,1,0,0,0,0,0,0
911,1400_to_1499,1449.5,10,10,1,4,2.0925918,2.0925918,2.049086,5.756889,2.923394311111111,2.923394311111111,2.0925918,2.0925918,2.049086,5.756889,2.923394311111111,2.923394311111111,1,0,0,0,0,0,0
94,1400_to_1499,1449.5,10,10,2,4,1.6487406,0.6035624999999999,1.535925,3.796342,1.9547846666666668,0.7872395333333334,1.6487406,0.6035624999999999,1.535925,3.796342,1.9547846666666668,0.7872395333333334,0.6,0.4,0,0,0,0,0
949,1400_to_1499,1449.5,10,10,1,1,10.3112329,10.3112329,9.476182,22.536054,14.746396244444444,14.746396244444444,10.3112329,10.3112329,9.476182,22.536054,14.746396244444444,14.746396244444444,1,0,0,0,0,0,0
105,1500_to_1599,1549.5,10,10,2,2,1.2708654000000001,0.833959875,2.26457,3.9026880000000004,1.7791557777777778,1.0506183214285714,1.2708654000000001,0.833959875,2.26457,3.9026880000000004,1.7791557777777778,1.0506183214285714,0.8,0.2,0,0,0,0,0
106,1500_to_1599,1549.5,10,10,1,1,0.6232152000000001,0.6232152000000001,0.546024,1.008483,0.5067072444444445,0.5067072444444445,0.6232152000000001,0.6232152000000001,0.546024,1.008483,0.5067072444444445,0.5067072444444445,1,0,0,0,0,0,0
237,1500_to_1599,1549.5,10,10,1,3,0.4789993,0.4789993,0.490159,1.082698,0.5992607333333333,0.5992607333333333,0.4789993,0.4789993,0.490159,1.082698,0.5992607333333333,0.5992607333333333,1,0,0,0,0,0,0
70,1500_to_1599,1549.5,10,10,3,5,2.9357937,1.7739766,3.2799929999999997,9.79542,4.166821177777778,2.4975718000000002,2.9357937,1.7739766,3.2799929999999997,9.79542,4.166821177777778,2.4975718000000002,0.5,0.4,0.1,0,0,0,0
724,1500_to_1599,1549.5,10,10,1,4,2.3616196,2.3616196,2.1958409999999997,4.803844,2.8643943999999997,2.8643943999999997,2.3616196,2.3616196,2.1958409999999997,4.803844,2.8643943999999997,2.8643943999999997,1,0,0,0,0,0,0
727,1500_to_1599,1549.5,10,10,1,7,0.195234,0.195234,0.142555,0.582425,0.2513426222222222,0.2513426222222222,0.195234,0.195234,0.142555,0.582425,0.2513426222222222,0.2513426222222222,1,0,0,0,0,0,0
911,1500_to_1599,1549.5,10,10,2,4,1.7798497999999998,1.325594,1.432415,4.4479310000000005,2.4369394666666664,1.2664107619047618,1.7798497999999998,1.325594,1.432415,4.4479310000000005,2.4369394666666664,1.2664107619047618,0.7,0.3,0,0,0,0,0
94,1500_to_1599,1549.5,10,10,1,5,0.4672829,0.4672829,0.506442,1.186829,0.7313822444444444,0.7313822444444444,0.4672829,0.4672829,0.506442,1.186829,0.7313822444444444,0.7313822444444444,1,0,0,0,0,0,0
949,1500_to_1599,1549.5,10,10,2,2,6.740825199999999,3.3672010000000006,6.2919540000000005,16.008974,8.371551955555555,5.792881071428571,6.740825199999999,3.3672010000000006,6.2919540000000005,16.008974,8.371551955555555,5.792881071428571,0.8,0.2,0,0,0,0,0
105,1600_to_1699,1649.5,10,10,2,2,1.0690621,0.575879625,1.8282220000000002,2.898257,1.4185808666666666,0.8537129642857143,1.0690621,0.575879625,1.8282220000000002,2.898257,1.4185808666666666,0.8537129642857143,0.8,0.2,0,0,0,0,0
106,1600_to_1699,1649.5,10,10,2,2,0.6241443999999999,0.06805283333333333,1.126311,1.584323,0.8103640444444444,0.10084633333333334,0.6241443999999999,0.06805283333333333,1.126311,1.584323,0.8103640444444444,0.10084633333333334,0.6,0.4,0,0,0,0,0
237,1600_to_1699,1649.5,10,10,1,4,0.39963899999999997,0.39963899999999997,0.474813,1.343666,0.6368184444444445,0.6368184444444445,0.39963899999999997,0.39963899999999997,0.474813,1.343666,0.6368184444444445,0.6368184444444445,1,0,0,0,0,0,0
70,1600_to_1699,1649.5,10,10,1,4,1.9057224999999995,1.9057224999999995,1.287119,4.836829,2.1702329999999996,2.1702329999999996,1.9057224999999995,1.9057224999999995,1.287119,4.836829,2.1702329999999996,2.1702329999999996,1,0,0,0,0,0,0
724,1600_to_1699,1649.5,10,10,1,2,1.3536023,1.3536023,0.899761,2.317831,1.6438148222222222,1.6438148222222222,1.3536023,1.3536023,0.899761,2.317831,1.6438148222222222,1.6438148222222222,1,0,0,0,0,0,0
727,1600_to_1699,1649.5,10,10,1,1,0.17434670000000002,0.17434670000000002,0.178088,0.47516099999999994,0.22781646666666666,0.22781646666666666,0.17434670000000002,0.17434670000000002,0.178088,0.47516099999999994,0.22781646666666666,0.22781646666666666,1,0,0,0,0,0,0
911,1600_to_1699,1649.5,10,10,1,3,1.1467618,1.1467618,1.18685,3.203097,1.4677592,1.4677592,1.1467618,1.1467618,1.18685,3.203097,1.4677592,1.4677592,1,0,0,0,0,0,0
94,1600_to_1699,1649.5,10,10,1,4,0.7441754,0.7441754,0.7081919999999999,1.487319,0.8519733333333334,0.8519733333333334,0.7441754,0.7441754,0.7081919999999999,1.487319,0.8519733333333334,0.8519733333333334,1,0,0,0,0,0,0
949,1600_to_1699,1649.5,10,10,1,1,2.9098342000000006,2.9098342000000006,2.563655,8.32145,4.7626,4.7626,2.9098342000000006,2.9098342000000006,2.563655,8.32145,4.7626,4.7626,1,0,0,0,0,0,0
105,1700_to_1799,1749.5,10,10,2,2,2.9663089,1.1696145,5.201118,7.93015,3.5457030444444446,1.9536542857142856,2.9663089,1.1696145,5.201118,7.93015,3.5457030444444446,1.9536542857142856,0.8,0.2,0,0,0,0,0
106,1700_to_1799,1749.5,10,10,1,2,1.3445797000000002,1.3445797000000002,2.198105,2.9035640000000003,1.4962908666666668,1.4962908666666668,1.3445797000000002,1.3445797000000002,2.198105,2.9035640000000003,1.4962908666666668,1.4962908666666668,1,0,0,0,0,0,0
237,1700_to_1799,1749.5,10,10,1,6,0.8083302,0.8083302,0.686237,2.1412009999999997,1.1793952888888888,1.1793952888888888,0.8083302,0.8083302,0.686237,2.1412009999999997,1.1793952888888888,1.1793952888888888,1,0,0,0,0,0,0
70,1700_to_1799,1749.5,10,10,3,7,4.9439639,1.4439940000000002,9.183817,16.557257999999997,7.954183844444444,2.7599348000000004,4.9439639,1.4439940000000002,9.183817,16.557257999999997,7.954183844444444,2.7599348000000004,0.5,0.3,0.2,0,0,0,0
724,1700_to_1799,1749.5,10,10,2,6,6.802303499999999,3.814282375,7.589511,17.071443000000002,8.028203666666666,5.771794464285715,6.802303499999999,3.814282375,7.589511,17.071443000000002,8.028203666666666,5.771794464285715,0.8,0.2,0,0,0,0,0
727,1700_to_1799,1749.5,10,10,1,1,0.4540778,0.4540778,0.475156,0.9961089999999999,0.4999084888888889,0.4999084888888889,0.4540778,0.4540778,0.475156,0.9961089999999999,0.4999084888888889,0.4999084888888889,1,0,0,0,0,0,0
911,1700_to_1799,1749.5,10,10,1,2,2.4074094,2.4074094,1.810014,5.799720000000001,3.420851155555556,3.420851155555556,2.4074094,2.4074094,1.810014,5.799720000000001,3.420851155555556,3.420851155555556,1,0,0,0,0,0,0
94,1700_to_1799,1749.5,10,10,2,4,1.6521959000000002,1.774856111111111,1.642986,4.457292,2.2052674444444444,2.175806888888889,1.6521959000000002,1.774856111111111,1.642986,4.457292,2.2052674444444444,2.175806888888889,0.9,0.1,0,0,0,0,0
949,1700_to_1799,1749.5,10,10,1,2,8.2863778,8.2863778,9.311921,24.507819,12.633743644444444,12.633743644444444,8.2863778,8.2863778,9.311921,24.507819,12.633743644444444,12.633743644444444,1,0,0,0,0,0,0
105,1800_to_1899,1849.5,10,10,2,2,1.5699458,0.8446343749999999,2.012274,4.177077000000001,1.8360865333333334,1.25420125,1.5699458,0.8446343749999999,2.012274,4.177077000000001,1.8360865333333334,1.25420125,0.8,0.2,0,0,0,0,0
106,1800_to_1899,1849.5,10,10,1,1,0.6620297,0.6620297,0.9270200000000001,1.4169630000000002,0.7238767777777778,0.7238767777777778,0.6620297,0.6620297,0.9270200000000001,1.4169630000000002,0.7238767777777778,0.7238767777777778,1,0,0,0,0,0,0
237,1800_to_1899,1849.5,10,10,1,1,0.3713449,0.3713449,0.648409,1.0977679999999999,0.5876840666666666,0.5876840666666666,0.3713449,0.3713449,0.648409,1.0977679999999999,0.5876840666666666,0.5876840666666666,1,0,0,0,0,0,0
70,1800_to_1899,1849.5,10,10,1,5,1.8850704999999999,1.8850704999999999,2.164297,6.227506999999999,2.9796859777777778,2.9796859777777778,1.8850704999999999,1.8850704999999999,2.164297,6.227506999999999,2.9796859777777778,2.9796859777777778,1,0,0,0,0,0,0
724,1800_to_1899,1849.5,10,10,1,4,1.0102893000000002,1.0102893000000002,1.685451,3.426762,1.826568288888889,1.826568288888889,1.0102893000000002,1.0102893000000002,1.685451,3.426762,1.826568288888889,1.826568288888889,1,0,0,0,0,0,0
727,1800_to_1899,1849.5,10,10,1,1,0.255153,0.255153,0.252486,0.674027,0.32142115555555556,0.32142115555555556,0.255153,0.255153,0.252486,0.674027,0.32142115555555556,0.32142115555555556,1,0,0,0,0,0,0
911,1800_to_1899,1849.5,10,10,1,4,1.3655381000000002,1.3655381000000002,1.274482,2.983873,1.6233323333333334,1.6233323333333334,1.3655381000000002,1.3655381000000002,1.274482,2.983873,1.6233323333333334,1.6233323333333334,1,0,0,0,0,0,0
94,1800_to_1899,1849.5,10,10,1,4,0.7548661,0.7548661,0.583571,1.4855679999999998,0.8486973555555555,0.8486973555555555,0.7548661,0.7548661,0.583571,1.4855679999999998,0.8486973555555555,0.8486973555555555,1,0,0,0,0,0,0
949,1800_to_1899,1849.5,10,10,1,1,3.1737682000000005,3.1737682000000005,3.849742,9.462884,5.091942622222223,5.091942622222223,3.1737682000000005,3.1737682000000005,3.849742,9.462884,5.091942622222223,5.091942622222223,1,0,0,0,0,0,0
105,1900_to_1999,1949.5,10,10,2,6,0.9820789999999999,0.669837,1.4939,2.732836,1.4169968888888889,0.9732854285714286,0.9820789999999999,0.669837,1.4939,2.732836,1.4169968888888889,0.9732854285714286,0.8,0.2,0,0,0,0,0
106,1900_to_1999,1949.5,10,10,1,1,0.43232879999999996,0.43232879999999996,0.501204,1.0266440000000001,0.5338075111111111,0.5338075111111111,0.43232879999999996,0.43232879999999996,0.501204,1.0266440000000001,0.5338075111111111,0.5338075111111111,1,0,0,0,0,0,0
237,1900_to_1999,1949.5,10,10,1,5,0.4386038,0.4386038,0.54995,1.2914400000000001,0.7469551111111111,0.7469551111111111,0.4386038,0.4386038,0.54995,1.2914400000000001,0.7469551111111111,0.7469551111111111,1,0,0,0,0,0,0
70,1900_to_1999,1949.5,10,10,1,5,1.9594401999999995,1.9594401999999995,1.836505,4.901865,3.1107571555555555,3.1107571555555555,1.9594401999999995,1.9594401999999995,1.836505,4.901865,3.1107571555555555,3.1107571555555555,1,0,0,0,0,0,0
724,1900_to_1999,1949.5,10,10,3,3,1.7221443,0.8968632000000001,2.7138530000000003,5.5940080000000005,2.8332810888888886,1.2567796,1.7221443,0.8968632000000001,2.7138530000000003,5.5940080000000005,2.8332810888888886,1.2567796,0.5,0.4,0.1,0,0,0,0
727,1900_to_1999,1949.5,10,10,1,1,0.3350102,0.3350102,0.171536,0.6274649999999999,0.28488213333333334,0.28488213333333334,0.3350102,0.3350102,0.171536,0.6274649999999999,0.28488213333333334,0.28488213333333334,1,0,0,0,0,0,0
911,1900_to_1999,1949.5,10,10,1,2,1.0273094999999999,1.0273094999999999,1.246469,3.3130620000000004,1.624068911111111,1.624068911111111,1.0273094999999999,1.0273094999999999,1.246469,3.3130620000000004,1.624068911111111,1.624068911111111,1,0,0,0,0,0,0
94,1900_to_1999,1949.5,10,10,1,4,0.8130816,0.8130816,0.787689,2.6930270000000003,1.1798764444444443,1.1798764444444443,0.8130816,0.8130816,0.787689,2.6930270000000003,1.1798764444444443,1.1798764444444443,1,0,0,0,0,0,0
949,1900_to_1999,1949.5,10,10,2,2,4.646290799999999,3.9138181111111106,6.695665,14.371732,7.683386311111111,6.951862111111111,4.646290799999999,3.9138181111111106,6.695665,14.371732,7.683386311111111,6.951862111111111,0.9,0.1,0,0,0,0,0
105,2000_to_2099,2049.5,10,10,1,8,1.3073253,1.3073253,1.436062,3.452267,1.6958512222222222,1.6958512222222222,1.3073253,1.3073253,1.436062,3.452267,1.6958512222222222,1.6958512222222222,1,0,0,0,0,0,0
106,2000_to_2099,2049.5,10,10,1,7,0.5733318,0.5733318,0.9659789999999999,1.469711,0.7606107555555555,0.7606107555555555,0.5733318,0.5733318,0.9659789999999999,1.469711,0.7606107555555555,0.7606107555555555,1,0,0,0,0,0,0
237,2000_to_2099,2049.5,10,10,1,1,0.6931461000000001,0.6931461000000001,0.550168,1.318797,0.8965536666666667,0.8965536666666667,0.6931461000000001,0.6931461000000001,0.550168,1.318797,0.8965536666666667,0.8965536666666667,1,0,0,0,0,0,0
70,2000_to_2099,2049.5,10,10,3,6,4.310967,0.3511845,5.48074,9.792032,6.170042266666666,0.7023676666666667,4.310967,0.3511845,5.48074,9.792032,6.170042266666666,0.7023676666666667,0.4,0.3,0.3,0,0,0,0
724,2000_to_2099,2049.5,10,10,2,6,2.508506,1.3667516249999998,4.718095,7.086388,3.495912222222222,1.9574463214285713,2.508506,1.3667516249999998,4.718095,7.086388,3.495912222222222,1.9574463214285713,0.8,0.2,0,0,0,0,0
727,2000_to_2099,2049.5,10,10,1,1,0.3332065,0.3332065,0.22062,0.632966,0.33459602222222223,0.33459602222222223,0.3332065,0.3332065,0.22062,0.632966,0.33459602222222223,0.33459602222222223,1,0,0,0,0,0,0
911,2000_to_2099,2049.5,10,10,2,3,2.3012074,1.4463591111111112,3.2973619999999997,6.171372,2.7168973333333333,2.2101913888888887,2.3012074,1.4463591111111112,3.2973619999999997,6.171372,2.7168973333333333,2.2101913888888887,0.9,0.1,0,0,0,0,0
94,2000_to_2099,2049.5,10,10,2,2,0.9931028,0.8197588888888889,0.878941,2.183794,1.219638311111111,1.1043346666666667,0.9931028,0.8197588888888889,0.878941,2.183794,1.219638311111111,1.1043346666666667,0.9,0.1,0,0,0,0,0
949,2000_to_2099,2049.5,10,10,5,6,7.3047858,0.6485949999999999,9.855111,21.254855,12.375489244444445,1.2971893333333333,7.3047858,0.6485949999999999,9.855111,21.254855,12.375489244444445,1.2971893333333333,0.3,0.3,0.2,0.1,0.1,0,0
105,2100_to_2199,2149.5,10,10,2,2,1.7283178,1.4573201249999999,2.722225,5.160188,2.406900266666667,1.4220121785714286,1.7283178,1.4573201249999999,2.722225,5.160188,2.406900266666667,1.4220121785714286,0.8,0.2,0,0,0,0,0
106,2100_to_2199,2149.5,10,10,3,9,0.5962430000000001,0.34286637499999995,1.007272,1.8172840000000001,0.8453647111111111,0.57323275,0.5962430000000001,0.34286637499999995,1.007272,1.8172840000000001,0.8453647111111111,0.57323275,0.8,0.1,0.1,0,0,0,0
237,2100_to_2199,2149.5,10,10,1,3,0.6655109,0.6655109,0.530969,1.650338,0.8116174444444445,0.8116174444444445,0.6655109,0.6655109,0.530969,1.650338,0.8116174444444445,0.8116174444444445,1,0,0,0,0,0,0
70,2100_to_2199,2149.5,10,10,2,4,2.3833751,1.0508856000000002,2.503377,5.831453000000001,3.691361711111111,1.1936852,2.3833751,1.0508856000000002,2.503377,5.831453000000001,3.691361711111111,1.1936852,0.5,0.5,0,0,0,0,0
724,2100_to_2199,2149.5,10,10,2,4,2.1659195,1.7069426250000002,2.070195,5.27717,3.0030899333333334,2.4470673214285714,2.1659195,1.7069426250000002,2.070195,5.27717,3.0030899333333334,2.4470673214285714,0.8,0.2,0,0,0,0,0
727,2100_to_2199,2149.5,10,10,1,1,0.3548902,0.3548902,0.163267,0.586163,0.2992439111111111,0.2992439111111111,0.3548902,0.3548902,0.163267,0.586163,0.2992439111111111,0.2992439111111111,1,0,0,0,0,0,0
911,2100_to_2199,2149.5,10,10,1,1,1.3127429,1.3127429,2.09491,4.362868000000001,2.2355000222222223,2.2355000222222223,1.3127429,1.3127429,2.09491,4.362868000000001,2.2355000222222223,2.2355000222222223,1,0,0,0,0,0,0
94,2100_to_2199,2149.5,10,10,1,3,1.4327501999999999,1.4327501999999999,1.1560059999999999,3.1365139999999996,1.7485225777777778,1.7485225777777778,1.4327501999999999,1.4327501999999999,1.1560059999999999,3.1365139999999996,1.7485225777777778,1.7485225777777778,1,0,0,0,0,0,0
949,2100_to_2199,2149.5,10,10,2,5,3.7930896999999995,3.308560888888889,6.087993000000001,14.343836,6.577103977777778,5.8722415,3.7930896999999995,3.308560888888889,6.087993000000001,14.343836,6.577103977777778,5.8722415,0.9,0.1,0,0,0,0,0
105,2200_to_2299,2249.5,10,10,2,6,1.903108,1.144397125,3.8859940000000006,5.5787010000000015,2.706256177777778,1.510952892857143,1.903108,1.144397125,3.8859940000000006,5.5787010000000015,2.706256177777778,1.510952892857143,0.8,0.2,0,0,0,0,0
106,2200_to_2299,2249.5,10,10,2,6,0.6573330000000001,0.08841983333333335,0.9914400000000001,1.605982,0.7817588,0.13475246666666665,0.6573330000000001,0.08841983333333335,0.9914400000000001,1.605982,0.7817588,0.13475246666666665,0.6,0.4,0,0,0,0,0
237,2200_to_2299,2249.5,10,10,1,3,0.9204034000000002,0.9204034000000002,0.569231,2.0728730000000004,1.0629101777777779,1.0629101777777779,0.9204034000000002,0.9204034000000002,0.569231,2.0728730000000004,1.0629101777777779,1.0629101777777779,1,0,0,0,0,0,0
70,2200_to_2299,2249.5,10,10,1,7,2.1560878999999997,2.1560878999999997,3.601553,7.888077,3.403679,3.403679,2.1560878999999997,2.1560878999999997,3.601553,7.888077,3.403679,3.403679,1,0,0,0,0,0,0
724,2200_to_2299,2249.5,10,10,2,5,3.8174627,3.3226715999999996,2.924829,11.000779,5.9324431777777775,4.8507058,3.8174627,3.3226715999999996,2.924829,11.000779,5.9324431777777775,4.8507058,0.5,0.5,0,0,0,0,0
727,2200_to_2299,2249.5,10,10,1,1,0.3158311,0.3158311,0.292554,0.9728119999999999,0.4566674,0.4566674,0.3158311,0.3158311,0.292554,0.9728119999999999,0.4566674,0.4566674,1,0,0,0,0,0,0
911,2200_to_2299,2249.5,10,10,1,1,2.6095990999999996,2.6095990999999996,1.628021,6.037698000000001,3.243753311111111,3.243753311111111,2.6095990999999996,2.6095990999999996,1.628021,6.037698000000001,3.243753311111111,3.243753311111111,1,0,0,0,0,0,0
94,2200_to_2299,2249.5,10,10,1,3,1.2316926000000001,1.2316926000000001,1.909286,4.2016849999999994,1.7292986222222222,1.7292986222222222,1.2316926000000001,1.2316926000000001,1.909286,4.2016849999999994,1.7292986222222222,1.7292986222222222,1,0,0,0,0,0,0
949,2200_to_2299,2249.5,10,10,4,5,6.7703076,5.491799,11.557212000000002,22.116442,12.549954399999999,9.196101599999999,6.7703076,5.491799,11.557212000000002,22.116442,12.549954399999999,9.196101599999999,0.6,0.2,0.1,0.1,0,0,0
105,2300_to_2399,2349.5,10,10,3,6,2.1716130000000002,0.6909197142857144,3.565029,7.361252,3.6094045333333336,1.0327414285714285,2.1716130000000002,0.6909197142857144,3.565029,7.361252,3.6094045333333336,1.0327414285714285,0.7,0.2,0.1,0,0,0,0
106,2300_to_2399,2349.5,10,10,1,7,0.8609538999999999,0.8609538999999999,1.186676,1.892153,0.9661405555555556,0.9661405555555556,0.8609538999999999,0.8609538999999999,1.186676,1.892153,0.9661405555555556,0.9661405555555556,1,0,0,0,0,0,0
237,2300_to_2399,2349.5,10,10,1,1,0.9706521,0.9706521,0.624526,2.227519,1.0873807333333334,1.0873807333333334,0.9706521,0.9706521,0.624526,2.227519,1.0873807333333334,1.0873807333333334,1,0,0,0,0,0,0
70,2300_to_2399,2349.5,10,10,2,5,4.051331899999999,4.5122686666666665,3.979413,10.442173,6.020478955555556,4.131596533333333,4.051331899999999,4.5122686666666665,3.979413,10.442173,6.020478955555556,4.131596533333333,0.6,0.4,0,0,0,0,0
724,2300_to_2399,2349.5,10,10,3,6,3.2750261000000003,2.8240211428571436,3.242661,9.916536,4.829573,3.462198,3.2750261000000003,2.8240211428571436,3.242661,9.916536,4.829573,3.462198,0.7,0.2,0.1,0,0,0,0
727,2300_to_2399,2349.5,10,10,1,1,0.4270360999999999,0.4270360999999999,0.36849,0.796871,0.4627157111111111,0.4627157111111111,0.4270360999999999,0.4270360999999999,0.36849,0.796871,0.4627157111111111,0.4627157111111111,1,0,0,0,0,0,0
911,2300_to_2399,2349.5,10,10,2,4,1.8657194000000001,1.5448243333333334,4.189241,6.280908999999999,3.1740716,2.5370643333333334,1.8657194000000001,1.5448243333333334,4.189241,6.280908999999999,3.1740716,2.5370643333333334,0.9,0.1,0,0,0,0,0
94,2300_to_2399,2349.5,10,10,3,4,1.8284368999999998,0.5330309999999999,1.584218,4.085861,2.162883933333333,0.8616952,1.8284368999999998,0.5330309999999999,1.584218,4.085861,2.162883933333333,0.8616952,0.6,0.3,0.1,0,0,0,0
949,2300_to_2399,2349.5,10,10,3,3,7.734107900000001,5.762160166666667,7.991233,21.720772,11.918108333333334,10.429212066666667,7.734107900000001,5.762160166666667,7.991233,21.720772,11.918108333333334,10.429212066666667,0.6,0.3,0.1,0,0,0,0
105,2400_to_2499,2449.5,10,10,2,7,2.0274612999999997,1.2030842499999999,3.244715,5.814509999999999,2.415769711111111,1.2525711428571429,2.0274612999999997,1.2030842499999999,3.244715,5.814509999999999,2.415769711111111,1.2525711428571429,0.8,0.2,0,0,0,0,0
106,2400_to_2499,2449.5,10,10,2,5,0.6257703,0.0883635,0.905146,1.5048250000000003,0.7234449555555557,0.15880206666666666,0.6257703,0.0883635,0.905146,1.5048250000000003,0.7234449555555557,0.15880206666666666,0.6,0.4,0,0,0,0,0
237,2400_to_2499,2449.5,10,10,1,2,0.6703719,0.6703719,0.42507700000000004,1.620653,0.7702300666666666,0.7702300666666666,0.6703719,0.6703719,0.42507700000000004,1.620653,0.7702300666666666,0.7702300666666666,1,0,0,0,0,0,0
70,2400_to_2499,2449.5,10,10,4,7,3.0767412,0.38974149999999996,2.978624,9.127592,4.487735644444444,0.7043280000000001,3.0767412,0.38974149999999996,2.978624,9.127592,4.487735644444444,0.7043280000000001,0.4,0.3,0.2,0.1,0,0,0
724,2400_to_2499,2449.5,10,10,2,7,1.6149531,1.5072187142857143,1.425602,4.340098,2.7666749999999998,2.228870476190476,1.6149531,1.5072187142857143,1.425602,4.340098,2.7666749999999998,2.228870476190476,0.7,0.3,0,0,0,0,0
727,2400_to_2499,2449.5,10,10,1,7,0.1998729,0.1998729,0.17007,0.519478,0.31643997777777777,0.31643997777777777,0.1998729,0.1998729,0.17007,0.519478,0.31643997777777777,0.31643997777777777,1,0,0,0,0,0,0
911,2400_to_2499,2449.5,10,10,1,2,1.5474689000000001,1.5474689000000001,1.364065,4.289089,2.581683133333333,2.581683133333333,1.5474689000000001,1.5474689000000001,1.364065,4.289089,2.581683133333333,2.581683133333333,1,0,0,0,0,0,0
94,2400_to_2499,2449.5,10,10,1,3,1.2101118000000002,1.2101118000000002,0.823322,2.4970339999999998,1.4472381777777776,1.4472381777777776,1.2101118000000002,1.2101118000000002,0.823322,2.4970339999999998,1.4472381777777776,1.4472381777777776,1,0,0,0,0,0,0
949,2400_to_2499,2449.5,10,10,3,3,7.784697599999999,4.615481999999999,7.521553,20.137691,10.332026266666666,7.197211333333334,7.784697599999999,4.615481999999999,7.521553,20.137691,10.332026266666666,7.197211333333334,0.6,0.3,0.1,0,0,0,0
105,2500_to_2599,2549.5,10,10,3,3,1.5770567,0.698264,2.335859,4.568307,2.316864333333333,1.1048815238095238,1.5770567,0.698264,2.335859,4.568307,2.316864333333333,1.1048815238095238,0.7,0.2,0.1,0,0,0,0
106,2500_to_2599,2549.5,10,10,1,7,0.6103233,0.6103233,0.906156,1.391458,0.7232708222222223,0.7232708222222223,0.6103233,0.6103233,0.906156,1.391458,0.7232708222222223,0.7232708222222223,1,0,0,0,0,0,0
237,2500_to_2599,2549.5,10,10,1,1,0.5974738,0.5974738,0.537503,1.1694740000000001,0.7015868,0.7015868,0.5974738,0.5974738,0.537503,1.1694740000000001,0.7015868,0.7015868,1,0,0,0,0,0,0
70,2500_to_2599,2549.5,10,10,2,6,2.2498685,1.1318623333333333,2.1581789999999996,6.977302,3.3512827333333335,1.6861718666666667,2.2498685,1.1318623333333333,2.1581789999999996,6.977302,3.3512827333333335,1.6861718666666667,0.6,0.4,0,0,0,0,0
724,2500_to_2599,2549.5,10,10,1,6,1.1466034999999999,1.1466034999999999,0.997605,2.90277,1.7957456666666667,1.7957456666666667,1.1466034999999999,1.1466034999999999,0.997605,2.90277,1.7957456666666667,1.7957456666666667,1,0,0,0,0,0,0
727,2500_to_2599,2549.5,10,10,1,4,0.40261460000000004,0.40261460000000004,0.224354,0.6255080000000001,0.30628320000000003,0.30628320000000003,0.40261460000000004,0.40261460000000004,0.224354,0.6255080000000001,0.30628320000000003,0.30628320000000003,1,0,0,0,0,0,0
911,2500_to_2599,2549.5,10,10,1,4,1.1987535,1.1987535,1.539628,3.52854,1.7941191333333333,1.7941191333333333,1.1987535,1.1987535,1.539628,3.52854,1.7941191333333333,1.7941191333333333,1,0,0,0,0,0,0
94,2500_to_2599,2549.5,10,10,2,5,1.3857430000000002,0.9302864285714286,0.490554,2.1596659999999996,1.1754682666666667,0.7308481904761904,1.3857430000000002,0.9302864285714286,0.490554,2.1596659999999996,1.1754682666666667,0.7308481904761904,0.7,0.3,0,0,0,0,0
949,2500_to_2599,2549.5,10,10,4,5,4.298907,2.2176454999999997,4.302544,11.880976,7.102787466666666,2.870948,4.298907,2.2176454999999997,4.302544,11.880976,7.102787466666666,2.870948,0.4,0.4,0.1,0.1,0,0,0
105,2600_to_2699,2649.5,10,10,2,2,2.3225284000000004,1.367297,3.4626940000000004,6.250837000000001,2.5069274666666668,1.2021655714285713,2.3225284000000004,1.367297,3.4626940000000004,6.250837000000001,2.5069274666666668,1.2021655714285713,0.8,0.2,0,0,0,0,0
106,2600_to_2699,2649.5,10,10,1,2,0.6020599000000001,0.6020599000000001,0.771326,1.7049749999999997,0.7998985111111111,0.7998985111111111,0.6020599000000001,0.6020599000000001,0.771326,1.7049749999999997,0.7998985111111111,0.7998985111111111,1,0,0,0,0,0,0
237,2600_to_2699,2649.5,10,10,1,3,0.6399796,0.6399796,0.578154,1.9696679999999998,1.1021361777777778,1.1021361777777778,0.6399796,0.6399796,0.578154,1.9696679999999998,1.1021361777777778,1.1021361777777778,1,0,0,0,0,0,0
70,2600_to_2699,2649.5,10,10,2,5,3.211643,1.752553857142857,4.234197,9.681890999999998,4.830738266666667,2.704979238095238,3.211643,1.752553857142857,4.234197,9.681890999999998,4.830738266666667,2.704979238095238,0.7,0.3,0,0,0,0,0
724,2600_to_2699,2649.5,10,10,1,6,2.9189961999999996,2.9189961999999996,1.668379,7.901341,3.985196088888889,3.985196088888889,2.9189961999999996,2.9189961999999996,1.668379,7.901341,3.985196088888889,3.985196088888889,1,0,0,0,0,0,0
727,2600_to_2699,2649.5,10,10,1,6,0.44990110000000005,0.44990110000000005,0.266075,0.7416849999999999,0.4284796222222222,0.4284796222222222,0.44990110000000005,0.44990110000000005,0.266075,0.7416849999999999,0.4284796222222222,0.4284796222222222,1,0,0,0,0,0,0
911,2600_to_2699,2649.5,10,10,1,4,1.6751935,1.6751935,2.541935,5.95913,2.6495234444444447,2.6495234444444447,1.6751935,1.6751935,2.541935,5.95913,2.6495234444444447,2.6495234444444447,1,0,0,0,0,0,0
94,2600_to_2699,2649.5,10,10,2,4,1.0954846999999999,1.0989732222222222,1.0640859999999999,2.8650659999999997,1.5619719777777776,1.4117004444444443,1.0954846999999999,1.0989732222222222,1.0640859999999999,2.8650659999999997,1.5619719777777776,1.4117004444444443,0.9,0.1,0,0,0,0,0
949,2600_to_2699,2649.5,10,10,4,4,9.7185016,4.308735,13.456175,27.140109000000002,15.934441466666668,5.098636333333333,9.7185016,4.308735,13.456175,27.140109000000002,15.934441466666668,5.098636333333333,0.4,0.4,0.1,0.1,0,0,0
105,2700_to_2799,2749.5,10,10,2,3,2.2145444,1.9890152499999998,2.804827,6.1777880000000005,3.490325688888889,2.7465583571428573,2.2145444,1.9890152499999998,2.804827,6.1777880000000005,3.490325688888889,2.7465583571428573,0.8,0.2,0,0,0,0,0
106,2700_to_2799,2749.5,10,10,3,6,0.7590273,0.10544375,1.088828,1.648484,0.8680541555555555,0.17596616666666667,0.7590273,0.10544375,1.088828,1.648484,0.8680541555555555,0.17596616666666667,0.4,0.4,0.2,0,0,0,0
237,2700_to_2799,2749.5,10,10,1,3,0.7674860000000001,0.7674860000000001,1.141795,1.9091139999999998,1.027144088888889,1.027144088888889,0.7674860000000001,0.7674860000000001,1.141795,1.9091139999999998,1.027144088888889,1.027144088888889,1,0,0,0,0,0,0
70,2700_to_2799,2749.5,10,10,2,4,4.298313200000001,2.666595428571429,4.18888,13.586627000000002,6.456857866666667,3.708180666666667,4.298313200000001,2.666595428571429,4.18888,13.586627000000002,6.456857866666667,3.708180666666667,0.7,0.3,0,0,0,0,0
724,2700_to_2799,2749.5,10,10,1,5,3.0956641000000005,3.0956641000000005,3.35269,10.250634,5.192213311111111,5.192213311111111,3.0956641000000005,3.0956641000000005,3.35269,10.250634,5.192213311111111,5.192213311111111,1,0,0,0,0,0,0
727,2700_to_2799,2749.5,10,10,1,1,0.3171094,0.3171094,0.183614,0.840452,0.3951078222222222,0.3951078222222222,0.3171094,0.3171094,0.183614,0.840452,0.3951078222222222,0.3951078222222222,1,0,0,0,0,0,0
911,2700_to_2799,2749.5,10,10,1,6,1.9955228999999999,1.9955228999999999,2.641038,6.559638,3.144859933333333,3.144859933333333,1.9955228999999999,1.9955228999999999,2.641038,6.559638,3.144859933333333,3.144859933333333,1,0,0,0,0,0,0
94,2700_to_2799,2749.5,10,10,1,2,0.8806641,0.8806641,1.307697,2.504783,1.3535023333333334,1.3535023333333334,0.8806641,0.8806641,1.307697,2.504783,1.3535023333333334,1.3535023333333334,1,0,0,0,0,0,0
949,2700_to_2799,2749.5,10,10,4,4,8.4616485,4.5964814999999994,9.774246,26.478099999999998,15.382461533333334,6.999192666666667,8.4616485,4.5964814999999994,9.774246,26.478099999999998,15.382461533333334,6.999192666666667,0.4,0.3,0.2,0.1,0,0,0
105,2800_to_2899,2849.5,10,10,2,2,1.146979,0.68728475,2.366064,3.971124,1.7999450222222222,1.0515945714285715,1.146979,0.68728475,2.366064,3.971124,1.7999450222222222,1.0515945714285715,0.8,0.2,0,0,0,0,0
106,2800_to_2899,2849.5,10,10,2,7,0.6578820999999999,0.12645616666666668,1.0593940000000002,1.7196420000000001,0.9236661111111112,0.19459553333333335,0.6578820999999999,0.12645616666666668,1.0593940000000002,1.7196420000000001,0.9236661111111112,0.19459553333333335,0.6,0.4,0,0,0,0,0
237,2800_to_2899,2849.5,10,10,1,2,0.7449355000000001,0.7449355000000001,0.969745,1.8660640000000002,1.083499311111111,1.083499311111111,0.7449355000000001,0.7449355000000001,0.969745,1.8660640000000002,1.083499311111111,1.083499311111111,1,0,0,0,0,0,0
70,2800_to_2899,2849.5,10,10,1,5,3.6231993000000005,3.6231993000000005,3.757034,9.878407,5.0938935333333335,5.0938935333333335,3.6231993000000005,3.6231993000000005,3.757034,9.878407,5.0938935333333335,5.0938935333333335,1,0,0,0,0,0,0
724,2800_to_2899,2849.5,10,10,1,3,2.2601481999999997,2.2601481999999997,2.319176,7.235341999999999,3.5532367111111114,3.5532367111111114,2.2601481999999997,2.2601481999999997,2.319176,7.235341999999999,3.5532367111111114,3.5532367111111114,1,0,0,0,0,0,0
727,2800_to_2899,2849.5,10,10,1,1,0.5932322,0.5932322,0.236481,1.0133820000000002,0.47058124444444444,0.47058124444444444,0.5932322,0.5932322,0.236481,1.0133820000000002,0.47058124444444444,0.47058124444444444,1,0,0,0,0,0,0
911,2800_to_2899,2849.5,10,10,1,2,2.9102243,2.9102243,2.6033939999999998,9.354911999999999,3.9433005555555556,3.9433005555555556,2.9102243,2.9102243,2.6033939999999998,9.354911999999999,3.9433005555555556,3.9433005555555556,1,0,0,0,0,0,0
94,2800_to_2899,2849.5,10,10,2,3,1.7091176000000001,0.5753606666666666,1.29244,3.4091299999999998,1.9025302666666666,0.8911636000000001,1.7091176000000001,0.5753606666666666,1.29244,3.4091299999999998,1.9025302666666666,0.8911636000000001,0.6,0.4,0,0,0,0,0
949,2800_to_2899,2849.5,10,10,2,2,6.8393487,5.86742788888889,8.116060000000001,17.60872,10.962221444444445,10.206904833333335,6.8393487,5.86742788888889,8.116060000000001,17.60872,10.962221444444445,10.206904833333335,0.9,0.1,0,0,0,0,0
105,2900_to_2999,2949.5,10,10,2,4,2.0618633,1.4330742499999998,3.2771010000000005,6.388782,3.197355888888889,2.3386717142857143,2.0618633,1.4330742499999998,3.2771010000000005,6.388782,3.197355888888889,2.3386717142857143,0.8,0.2,0,0,0,0,0
106,2900_to_2999,2949.5,10,10,2,2,1.6101298,0.373686,2.1762479999999997,3.4321349999999997,1.7398585777777777,0.23114253333333334,1.6101298,0.373686,2.1762479999999997,3.4321349999999997,1.7398585777777777,0.23114253333333334,0.6,0.4,0,0,0,0,0
237,2900_to_2999,2949.5,10,10,1,3,1.1239553999999998,1.1239553999999998,1.704395,4.038643,1.6074944444444446,1.6074944444444446,1.1239553999999998,1.1239553999999998,1.704395,4.038643,1.6074944444444446,1.6074944444444446,1,0,0,0,0,0,0
70,2900_to_2999,2949.5,10,10,3,4,3.427037,1.7645043333333332,5.704088,12.834416000000001,5.623818666666667,3.0056356,3.427037,1.7645043333333332,5.704088,12.834416000000001,5.623818666666667,3.0056356,0.6,0.3,0.1,0,0,0,0
724,2900_to_2999,2949.5,10,10,1,4,3.6892094999999996,3.6892094999999996,3.897198,12.69529,5.855078377777778,5.855078377777778,3.6892094999999996,3.6892094999999996,3.897198,12.69529,5.855078377777778,5.855078377777778,1,0,0,0,0,0,0
727,2900_to_2999,2949.5,10,10,1,1,0.33961909999999995,0.33961909999999995,0.319133,0.996319,0.5076385999999999,0.5076385999999999,0.33961909999999995,0.33961909999999995,0.319133,0.996319,0.5076385999999999,0.5076385999999999,1,0,0,0,0,0,0
911,2900_to_2999,2949.5,10,10,1,1,3.3210076,3.3210076,3.690833,11.060327999999998,5.1677447999999995,5.1677447999999995,3.3210076,3.3210076,3.690833,11.060327999999998,5.1677447999999995,5.1677447999999995,1,0,0,0,0,0,0
94,2900_to_2999,2949.5,10,10,1,3,2.3143732999999997,2.3143732999999997,1.933694,6.510904,3.285951888888889,3.285951888888889,2.3143732999999997,2.3143732999999997,1.933694,6.510904,3.285951888888889,3.285951888888889,1,0,0,0,0,0,0
949,2900_to_2999,2949.5,10,10,2,2,15.073588299999997,6.696601714285714,17.814704,41.866943,21.201862644444446,11.316825428571429,15.073588299999997,6.696601714285714,17.814704,41.866943,21.201862644444446,11.316825428571429,0.7,0.3,0,0,0,0,0
105,3000_to_3099,3049.5,10,10,2,2,4.0060178,1.51612675,6.133500000000001,10.576326000000002,4.335296088888889,2.494243928571428,4.0060178,1.51612675,6.133500000000001,10.576326000000002,4.335296088888889,2.494243928571428,0.8,0.2,0,0,0,0,0
106,3000_to_3099,3049.5,10,10,2,2,1.2397554,0.11122533333333334,1.944267,2.776821,1.439632088888889,0.1980324,1.2397554,0.11122533333333334,1.944267,2.776821,1.439632088888889,0.1980324,0.6,0.4,0,0,0,0,0
237,3000_to_3099,3049.5,10,10,1,4,0.8594274000000001,0.8594274000000001,0.826063,2.688436,1.342484488888889,1.342484488888889,0.8594274000000001,0.8594274000000001,0.826063,2.688436,1.342484488888889,1.342484488888889,1,0,0,0,0,0,0
70,3000_to_3099,3049.5,10,10,2,5,4.238302099999999,2.8828293333333335,3.248113,11.088811,6.561720199999999,3.854084,4.238302099999999,2.8828293333333335,3.248113,11.088811,6.561720199999999,3.854084,0.6,0.4,0,0,0,0,0
724,3000_to_3099,3049.5,10,10,2,7,2.6561701,2.600771625,3.590033,8.243884000000001,4.665873133333333,4.3171116071428575,2.6561701,2.600771625,3.590033,8.243884000000001,4.665873133333333,4.3171116071428575,0.8,0.2,0,0,0,0,0
727,3000_to_3099,3049.5,10,10,1,1,0.4830266,0.4830266,0.280352,0.751469,0.4060640888888889,0.4060640888888889,0.4830266,0.4830266,0.280352,0.751469,0.4060640888888889,0.4060640888888889,1,0,0,0,0,0,0
911,3000_to_3099,3049.5,10,10,1,3,3.3143003,3.3143003,4.184596,8.602426000000001,4.311527844444445,4.311527844444445,3.3143003,3.3143003,4.184596,8.602426000000001,4.311527844444445,4.311527844444445,1,0,0,0,0,0,0
94,3000_to_3099,3049.5,10,10,1,8,1.5547589,1.5547589,1.334566,3.485823,2.1299900666666667,2.1299900666666667,1.5547589,1.5547589,1.334566,3.485823,2.1299900666666667,2.1299900666666667,1,0,0,0,0,0,0
949,3000_to_3099,3049.5,10,10,4,4,10.5847679,6.78102975,7.318713000000001,29.979553000000003,17.658580333333333,11.7075945,10.5847679,6.78102975,7.318713000000001,29.979553000000003,17.658580333333333,11.7075945,0.4,0.3,0.2,0.1,0,0,0
105,3100_to_3199,3149.5,10,10,1,2,1.8994262,1.8994262,2.293008,4.876444,2.825808711111111,2.825808711111111,1.8994262,1.8994262,2.293008,4.876444,2.825808711111111,2.825808711111111,1,0,0,0,0,0,0
106,3100_to_3199,3149.5,10,10,2,2,1.1449954999999998,0.16473800000000002,1.8345879999999999,2.936676,1.4851478444444444,0.29249986666666666,1.1449954999999998,0.16473800000000002,1.8345879999999999,2.936676,1.4851478444444444,0.29249986666666666,0.6,0.4,0,0,0,0,0
237,3100_to_3199,3149.5,10,10,1,5,0.9285542000000001,0.9285542000000001,1.251002,3.5981190000000005,1.550159111111111,1.550159111111111,0.9285542000000001,0.9285542000000001,1.251002,3.5981190000000005,1.550159111111111,1.550159111111111,1,0,0,0,0,0,0
70,3100_to_3199,3149.5,10,10,1,4,5.9223788,5.9223788,4.834648,17.696831000000003,8.810979733333333,8.810979733333333,5.9223788,5.9223788,4.834648,17.696831000000003,8.810979733333333,8.810979733333333,1,0,0,0,0,0,0
724,3100_to_3199,3149.5,10,10,1,4,3.4882745,3.4882745,3.201884,9.35279,5.935597666666667,5.935597666666667,3.4882745,3.4882745,3.201884,9.35279,5.935597666666667,5.935597666666667,1,0,0,0,0,0,0
727,3100_to_3199,3149.5,10,10,1,1,0.3432516,0.3432516,0.391268,1.22855,0.5683139555555555,0.5683139555555555,0.3432516,0.3432516,0.391268,1.22855,0.5683139555555555,0.5683139555555555,1,0,0,0,0,0,0
911,3100_to_3199,3149.5,10,10,1,2,3.6411815999999995,3.6411815999999995,3.668291,8.893659,4.261190311111111,4.261190311111111,3.6411815999999995,3.6411815999999995,3.668291,8.893659,4.261190311111111,4.261190311111111,1,0,0,0,0,0,0
94,3100_to_3199,3149.5,10,10,1,4,1.9178748000000003,1.9178748000000003,1.4517309999999999,3.894552,2.367636711111111,2.367636711111111,1.9178748000000003,1.9178748000000003,1.4517309999999999,3.894552,2.367636711111111,2.367636711111111,1,0,0,0,0,0,0
949,3100_to_3199,3149.5,10,10,3,3,13.3396896,10.926642625000001,18.104697,46.068392,22.87076848888889,18.118939892857142,13.3396896,10.926642625000001,18.104697,46.068392,22.87076848888889,18.118939892857142,0.8,0.1,0.1,0,0,0,0
105,3200_to_3299,3249.5,10,10,2,2,1.5358489,0.6615369999999999,1.870484,3.288914,1.6128843777777777,1.0801305714285714,1.5358489,0.6615369999999999,1.870484,3.288914,1.6128843777777777,1.0801305714285714,0.8,0.2,0,0,0,0,0
106,3200_to_3299,3249.5,10,10,1,1,0.39271000000000006,0.39271000000000006,0.504817,1.078203,0.5152015111111111,0.5152015111111111,0.39271000000000006,0.39271000000000006,0.504817,1.078203,0.5152015111111111,0.5152015111111111,1,0,0,0,0,0,0
237,3200_to_3299,3249.5,10,10,1,8,0.9215041000000002,0.9215041000000002,0.498623,1.3347839999999997,0.7087566,0.7087566,0.9215041000000002,0.9215041000000002,0.498623,1.3347839999999997,0.7087566,0.7087566,1,0,0,0,0,0,0
70,3200_to_3299,3249.5,10,10,1,4,1.7271128999999998,1.7271128999999998,2.518167,5.085422,2.6056516222222226,2.6056516222222226,1.7271128999999998,1.7271128999999998,2.518167,5.085422,2.6056516222222226,2.6056516222222226,1,0,0,0,0,0,0
724,3200_to_3299,3249.5,10,10,2,2,2.3010056000000003,1.8594642222222224,2.965662,5.727327000000001,3.1535097333333333,2.735605611111111,2.3010056000000003,1.8594642222222224,2.965662,5.727327000000001,3.1535097333333333,2.735605611111111,0.9,0.1,0,0,0,0,0
727,3200_to_3299,3249.5,10,10,1,1,0.20408250000000003,0.20408250000000003,0.13639,0.470001,0.23553113333333334,0.23553113333333334,0.20408250000000003,0.20408250000000003,0.13639,0.470001,0.23553113333333334,0.23553113333333334,1,0,0,0,0,0,0
911,3200_to_3299,3249.5,10,10,1,4,1.3975843,1.3975843,1.819481,3.772027,1.894197711111111,1.894197711111111,1.3975843,1.3975843,1.819481,3.772027,1.894197711111111,1.894197711111111,1,0,0,0,0,0,0
94,3200_to_3299,3249.5,10,10,1,3,0.7568,0.7568,0.870958,1.956252,1.1899232888888889,1.1899232888888889,0.7568,0.7568,0.870958,1.956252,1.1899232888888889,1.1899232888888889,1,0,0,0,0,0,0
949,3200_to_3299,3249.5,10,10,1,1,4.4569071000000005,4.4569071000000005,3.774234,11.79075,7.199387577777777,7.199387577777777,4.4569071000000005,4.4569071000000005,3.774234,11.79075,7.199387577777777,7.199387577777777,1,0,0,0,0,0,0
105,3300_to_3399,3349.5,10,10,2,3,2.4517485,1.5127792857142859,2.841176,6.31196,3.3430948666666667,1.6264138095238097,2.4517485,1.5127792857142859,2.841176,6.31196,3.3430948666666667,1.6264138095238097,0.7,0.3,0,0,0,0,0
106,3300_to_3399,3349.5,10,10,2,2,1.1448388,0.23600716666666666,1.597904,2.2283120000000003,1.2605645777777779,0.19997393333333333,1.1448388,0.23600716666666666,1.597904,2.2283120000000003,1.2605645777777779,0.19997393333333333,0.6,0.4,0,0,0,0,0
237,3300_to_3399,3349.5,10,10,1,1,0.9944287999999999,0.9944287999999999,0.912081,2.087818,1.2179485333333333,1.2179485333333333,0.9944287999999999,0.9944287999999999,0.912081,2.087818,1.2179485333333333,1.2179485333333333,1,0,0,0,0,0,0
70,3300_to_3399,3349.5,10,10,3,7,3.2203079000000003,0.57929325,4.560261000000001,8.958923,4.888115844444445,1.0664438333333333,3.2203079000000003,0.57929325,4.560261000000001,8.958923,4.888115844444445,1.0664438333333333,0.4,0.3,0.3,0,0,0,0
724,3300_to_3399,3349.5,10,10,1,2,2.912893,2.912893,2.684195,7.839884,4.175906222222222,4.175906222222222,2.912893,2.912893,2.684195,7.839884,4.175906222222222,4.175906222222222,1,0,0,0,0,0,0
727,3300_to_3399,3349.5,10,10,1,8,0.5768902,0.5768902,0.30669,1.059593,0.5000583111111111,0.5000583111111111,0.5768902,0.5768902,0.30669,1.059593,0.5000583111111111,0.5000583111111111,1,0,0,0,0,0,0
911,3300_to_3399,3349.5,10,10,1,4,3.2372311,3.2372311,3.274849,7.445577000000002,3.7560631333333334,3.7560631333333334,3.2372311,3.2372311,3.274849,7.445577000000002,3.7560631333333334,3.7560631333333334,1,0,0,0,0,0,0
94,3300_to_3399,3349.5,10,10,2,4,1.2002192,1.2838532222222223,1.479686,3.2796459999999996,1.5634109777777778,1.6090077777777778,1.2002192,1.2838532222222223,1.479686,3.2796459999999996,1.5634109777777778,1.6090077777777778,0.9,0.1,0,0,0,0,0
949,3300_to_3399,3349.5,10,10,1,1,8.3068973,8.3068973,10.235153,29.363502,13.30500868888889,13.30500868888889,8.3068973,8.3068973,10.235153,29.363502,13.30500868888889,13.30500868888889,1,0,0,0,0,0,0
105,3400_to_3499,3449.5,10,10,3,3,4.6266346,2.0870795714285717,5.801797999999999,11.571484,6.202669733333333,2.3865210476190475,4.6266346,2.0870795714285717,5.801797999999999,11.571484,6.202669733333333,2.3865210476190475,0.7,0.2,0.1,0,0,0,0
106,3400_to_3499,3449.5,10,10,1,5,1.0230232000000001,1.0230232000000001,1.199006,2.898568,1.2903647555555555,1.2903647555555555,1.0230232000000001,1.0230232000000001,1.199006,2.898568,1.2903647555555555,1.2903647555555555,1,0,0,0,0,0,0
237,3400_to_3499,3449.5,10,10,1,3,2.4805537,2.4805537,1.999429,4.4963,1.9250095333333332,1.9250095333333332,2.4805537,2.4805537,1.999429,4.4963,1.9250095333333332,1.9250095333333332,1,0,0,0,0,0,0
70,3400_to_3499,3449.5,10,10,2,4,6.3305314,2.6897338333333334,6.0730640000000005,17.434953,9.072858488888889,3.9352628666666667,6.3305314,2.6897338333333334,6.0730640000000005,17.434953,9.072858488888889,3.9352628666666667,0.6,0.4,0,0,0,0,0
724,3400_to_3499,3449.5,10,10,1,4,4.5039302,4.5039302,2.352237,11.086061999999998,6.0805912,6.0805912,4.5039302,4.5039302,2.352237,11.086061999999998,6.0805912,6.0805912,1,0,0,0,0,0,0
727,3400_to_3499,3449.5,10,10,1,1,0.477264,0.477264,0.453536,1.162152,0.5888094222222222,0.5888094222222222,0.477264,0.477264,0.453536,1.162152,0.5888094222222222,0.5888094222222222,1,0,0,0,0,0,0
911,3400_to_3499,3449.5,10,10,2,2,4.705347800000001,2.7494196250000003,4.008755000000001,12.926624,5.617001244444444,4.027924464285714,4.705347800000001,2.7494196250000003,4.008755000000001,12.926624,5.617001244444444,4.027924464285714,0.8,0.2,0,0,0,0,0
94,3400_to_3499,3449.5,10,10,3,4,1.9368144,0.9730806666666666,2.1908290000000004,5.649464999999999,3.049090888888889,1.4184241333333332,1.9368144,0.9730806666666666,2.1908290000000004,5.649464999999999,3.049090888888889,1.4184241333333332,0.6,0.3,0.1,0,0,0,0
949,3400_to_3499,3449.5,10,10,2,2,11.4451102,7.794430777777777,12.932009,26.296573000000002,14.6886316,13.179179555555557,11.4451102,7.794430777777777,12.932009,26.296573000000002,14.6886316,13.179179555555557,0.9,0.1,0,0,0,0,0
105,3500_to_3599,3549.5,10,10,3,3,3.3225709,1.265518857142857,4.853479999999999,8.444261999999998,4.286955266666666,1.790478380952381,3.3225709,1.265518857142857,4.853479999999999,8.444261999999998,4.286955266666666,1.790478380952381,0.7,0.2,0.1,0,0,0,0
106,3500_to_3599,3549.5,10,10,2,9,0.7424534,0.11323349999999999,1.132423,1.85097,0.9159573777777777,0.1628158,0.7424534,0.11323349999999999,1.132423,1.85097,0.9159573777777777,0.1628158,0.6,0.4,0,0,0,0,0
237,3500_to_3599,3549.5,10,10,1,1,0.7793335,0.7793335,0.564741,1.864716,1.0887035777777778,1.0887035777777778,0.7793335,0.7793335,0.564741,1.864716,1.0887035777777778,1.0887035777777778,1,0,0,0,0,0,0
70,3500_to_3599,3549.5,10,10,2,3,4.4917224000000004,3.3877099999999998,3.981855,10.831553,5.8875256,4.2732974,4.4917224000000004,3.3877099999999998,3.981855,10.831553,5.8875256,4.2732974,0.5,0.5,0,0,0,0,0
724,3500_to_3599,3549.5,10,10,1,3,3.2063837,3.2063837,1.764818,7.23307,4.367097044444445,4.367097044444445,3.2063837,3.2063837,1.764818,7.23307,4.367097044444445,4.367097044444445,1,0,0,0,0,0,0
727,3500_to_3599,3549.5,10,10,1,4,0.29000650000000006,0.29000650000000006,0.19124,0.779786,0.3843128666666667,0.3843128666666667,0.29000650000000006,0.29000650000000006,0.19124,0.779786,0.3843128666666667,0.3843128666666667,1,0,0,0,0,0,0
911,3500_to_3599,3549.5,10,10,1,1,2.8682021000000004,2.8682021000000004,1.607385,6.145978,3.294757088888889,3.294757088888889,2.8682021000000004,2.8682021000000004,1.607385,6.145978,3.294757088888889,3.294757088888889,1,0,0,0,0,0,0
94,3500_to_3599,3549.5,10,10,1,6,1.3792829,1.3792829,0.910538,3.2273029999999996,1.736733622222222,1.736733622222222,1.3792829,1.3792829,0.910538,3.2273029999999996,1.736733622222222,1.736733622222222,1,0,0,0,0,0,0
949,3500_to_3599,3549.5,10,10,2,2,10.2714882,8.15300675,7.920078,23.721638000000002,14.283264933333333,11.427453428571429,10.2714882,8.15300675,7.920078,23.721638000000002,14.283264933333333,11.427453428571429,0.8,0.2,0,0,0,0,0
105,3600_to_3699,3649.5,10,10,2,2,1.9329169,0.9714506249999999,3.7901420000000003,5.667392000000001,2.7365086000000005,1.571460892857143,1.9329169,0.9714506249999999,3.7901420000000003,5.667392000000001,2.7365086000000005,1.571460892857143,0.8,0.2,0,0,0,0,0
106,3600_to_3699,3649.5,10,10,2,2,0.8203317999999999,0.11101699999999999,1.228656,1.826472,0.9795953333333334,0.19887346666666667,0.8203317999999999,0.11101699999999999,1.228656,1.826472,0.9795953333333334,0.19887346666666667,0.6,0.4,0,0,0,0,0
237,3600_to_3699,3649.5,10,10,1,1,0.9297207999999999,0.9297207999999999,0.825724,2.5971200000000003,1.2221295555555556,1.2221295555555556,0.9297207999999999,0.9297207999999999,0.825724,2.5971200000000003,1.2221295555555556,1.2221295555555556,1,0,0,0,0,0,0
70,3600_to_3699,3649.5,10,10,2,5,4.9152233,3.8398431428571427,4.6770890000000005,11.089917000000002,5.966319666666667,3.7446089523809527,4.9152233,3.8398431428571427,4.6770890000000005,11.089917000000002,5.966319666666667,3.7446089523809527,0.7,0.3,0,0,0,0,0
724,3600_to_3699,3649.5,10,10,2,5,2.7172549,2.6765785714285713,2.089853,7.005899999999999,3.891762733333333,3.3683339047619048,2.7172549,2.6765785714285713,2.089853,7.005899999999999,3.891762733333333,3.3683339047619048,0.7,0.3,0,0,0,0,0
727,3600_to_3699,3649.5,10,10,1,1,0.38515720000000003,0.38515720000000003,0.262963,0.963157,0.4675016444444444,0.4675016444444444,0.38515720000000003,0.38515720000000003,0.262963,0.963157,0.4675016444444444,0.4675016444444444,1,0,0,0,0,0,0
911,3600_to_3699,3649.5,10,10,2,3,2.302841,2.1213622222222224,3.9361490000000003,7.041327000000001,3.6885808,3.0963480555555556,2.302841,2.1213622222222224,3.9361490000000003,7.041327000000001,3.6885808,3.0963480555555556,0.9,0.1,0,0,0,0,0
94,3600_to_3699,3649.5,10,10,1,3,2.0875432000000003,2.0875432000000003,0.8733920000000001,3.3499230000000004,1.8217540888888888,1.8217540888888888,2.0875432000000003,2.0875432000000003,0.8733920000000001,3.3499230000000004,1.8217540888888888,1.8217540888888888,1,0,0,0,0,0,0
949,3600_to_3699,3649.5,10,10,3,3,8.6922337,7.852499166666668,12.175887,29.407930999999998,14.513795355555557,12.582255133333334,8.6922337,7.852499166666668,12.175887,29.407930999999998,14.513795355555557,12.582255133333334,0.6,0.3,0.1,0,0,0,0
105,3700_to_3799,3749.5,10,10,1,2,2.6165263000000003,2.6165263000000003,1.732364,5.583083,2.859288333333333,2.859288333333333,2.6165263000000003,2.6165263000000003,1.732364,5.583083,2.859288333333333,2.859288333333333,1,0,0,0,0,0,0
106,3700_to_3799,3749.5,10,10,2,2,1.0004115,0.10318716666666668,1.73433,2.315528,1.2235716222222222,0.13703846666666666,1.0004115,0.10318716666666668,1.73433,2.315528,1.2235716222222222,0.13703846666666666,0.6,0.4,0,0,0,0,0
237,3700_to_3799,3749.5,10,10,1,1,1.0719641000000002,1.0719641000000002,0.808956,2.346195,1.0142925999999999,1.0142925999999999,1.0719641000000002,1.0719641000000002,0.808956,2.346195,1.0142925999999999,1.0142925999999999,1,0,0,0,0,0,0
70,3700_to_3799,3749.5,10,10,2,3,4.6661893,5.292147833333334,4.217864,13.445440999999999,6.365878511111111,5.422557933333334,4.6661893,5.292147833333334,4.217864,13.445440999999999,6.365878511111111,5.422557933333334,0.6,0.4,0,0,0,0,0
724,3700_to_3799,3749.5,10,10,2,6,3.8004270000000004,3.1600982222222225,2.15883,6.967183,4.054917422222222,3.8734317222222225,3.8004270000000004,3.1600982222222225,2.15883,6.967183,4.054917422222222,3.8734317222222225,0.9,0.1,0,0,0,0,0
727,3700_to_3799,3749.5,10,10,1,1,0.3798486,0.3798486,0.40688,0.9836509999999999,0.4321484,0.4321484,0.3798486,0.3798486,0.40688,0.9836509999999999,0.4321484,0.4321484,1,0,0,0,0,0,0
911,3700_to_3799,3749.5,10,10,1,6,1.7531247,1.7531247,2.518375,5.99337,2.3230295777777776,2.3230295777777776,1.7531247,1.7531247,2.518375,5.99337,2.3230295777777776,2.3230295777777776,1,0,0,0,0,0,0
94,3700_to_3799,3749.5,10,10,1,3,1.4604114999999998,1.4604114999999998,1.4066429999999999,3.199974,1.911211888888889,1.911211888888889,1.4604114999999998,1.4604114999999998,1.4066429999999999,3.199974,1.911211888888889,1.911211888888889,1,0,0,0,0,0,0
949,3700_to_3799,3749.5,10,10,1,1,7.282190000000002,7.282190000000002,6.813598,19.959042999999998,11.847276044444444,11.847276044444444,7.282190000000002,7.282190000000002,6.813598,19.959042999999998,11.847276044444444,11.847276044444444,1,0,0,0,0,0,0
105,3800_to_3899,3849.5,10,10,2,2,0.8665693000000001,0.649897375,1.213751,2.31843,1.1363020666666668,0.7202011071428571,0.8665693000000001,0.649897375,1.213751,2.31843,1.1363020666666668,0.7202011071428571,0.8,0.2,0,0,0,0,0
106,3800_to_3899,3849.5,10,10,1,5,0.4031981,0.4031981,0.46289800000000003,0.818587,0.4129303777777778,0.4129303777777778,0.4031981,0.4031981,0.46289800000000003,0.818587,0.4129303777777778,0.4129303777777778,1,0,0,0,0,0,0
237,3800_to_3899,3849.5,10,10,1,2,0.48247249999999997,0.48247249999999997,0.552458,1.4107939999999999,0.7154114888888888,0.7154114888888888,0.48247249999999997,0.48247249999999997,0.552458,1.4107939999999999,0.7154114888888888,0.7154114888888888,1,0,0,0,0,0,0
70,3800_to_3899,3849.5,10,10,2,6,1.7646948000000002,1.734713777777778,1.475587,5.245239,2.612154266666667,2.4837048333333334,1.7646948000000002,1.734713777777778,1.475587,5.245239,2.612154266666667,2.4837048333333334,0.9,0.1,0,0,0,0,0
724,3800_to_3899,3849.5,10,10,1,2,1.3941569999999999,1.3941569999999999,1.162706,3.1541189999999997,1.951198311111111,1.951198311111111,1.3941569999999999,1.3941569999999999,1.162706,3.1541189999999997,1.951198311111111,1.951198311111111,1,0,0,0,0,0,0
727,3800_to_3899,3849.5,10,10,1,4,0.20158129999999996,0.20158129999999996,0.11047,0.47185499999999997,0.24867704444444444,0.24867704444444444,0.20158129999999996,0.20158129999999996,0.11047,0.47185499999999997,0.24867704444444444,0.24867704444444444,1,0,0,0,0,0,0
911,3800_to_3899,3849.5,10,10,1,2,1.2067010000000002,1.2067010000000002,2.159229,4.35871,1.8193754222222223,1.8193754222222223,1.2067010000000002,1.2067010000000002,2.159229,4.35871,1.8193754222222223,1.8193754222222223,1,0,0,0,0,0,0
94,3800_to_3899,3849.5,10,10,3,3,0.6659249,0.30975400000000003,0.850376,1.7761959999999999,0.9982474,0.4082048,0.6659249,0.30975400000000003,0.850376,1.7761959999999999,0.9982474,0.4082048,0.6,0.2,0.2,0,0,0,0
949,3800_to_3899,3849.5,10,10,2,2,4.0918241,3.986861777777778,4.228365,10.469884,6.360859088888889,5.8972671666666665,4.0918241,3.986861777777778,4.228365,10.469884,6.360859088888889,5.8972671666666665,0.9,0.1,0,0,0,0,0
105,3900_to_3999,3949.5,10,10,2,2,1.212002,0.9119503750000001,1.8148680000000001,3.860799,1.5430669333333333,0.8655918928571429,1.212002,0.9119503750000001,1.8148680000000001,3.860799,1.5430669333333333,0.8655918928571429,0.8,0.2,0,0,0,0,0
106,3900_to_3999,3949.5,10,10,2,6,0.43224380000000007,0.11903150000000001,0.613927,0.97192,0.5191124444444444,0.10910313333333334,0.43224380000000007,0.11903150000000001,0.613927,0.97192,0.5191124444444444,0.10910313333333334,0.6,0.4,0,0,0,0,0
237,3900_to_3999,3949.5,10,10,1,3,0.5008224,0.5008224,0.772961,1.519266,0.6664776888888888,0.6664776888888888,0.5008224,0.5008224,0.772961,1.519266,0.6664776888888888,0.6664776888888888,1,0,0,0,0,0,0
70,3900_to_3999,3949.5,10,10,2,8,2.3607983,1.7241776666666666,2.095681,5.805308999999999,3.166760466666666,2.1483901333333333,2.3607983,1.7241776666666666,2.095681,5.805308999999999,3.166760466666666,2.1483901333333333,0.6,0.4,0,0,0,0,0
724,3900_to_3999,3949.5,10,10,1,3,1.0973692,1.0973692,1.129016,2.9386149999999995,1.8933922666666665,1.8933922666666665,1.0973692,1.0973692,1.129016,2.9386149999999995,1.8933922666666665,1.8933922666666665,1,0,0,0,0,0,0
727,3900_to_3999,3949.5,10,10,1,6,0.2946093,0.2946093,0.148861,0.6351370000000001,0.31705806666666664,0.31705806666666664,0.2946093,0.2946093,0.148861,0.6351370000000001,0.31705806666666664,0.31705806666666664,1,0,0,0,0,0,0
911,3900_to_3999,3949.5,10,10,1,2,1.2842141999999996,1.2842141999999996,1.792328,3.4261049999999997,1.6654195999999999,1.6654195999999999,1.2842141999999996,1.2842141999999996,1.792328,3.4261049999999997,1.6654195999999999,1.6654195999999999,1,0,0,0,0,0,0
94,3900_to_3999,3949.5,10,10,1,3,0.8831385999999999,0.8831385999999999,0.689531,2.0751129999999995,1.1071913777777775,1.1071913777777775,0.8831385999999999,0.8831385999999999,0.689531,2.0751129999999995,1.1071913777777775,1.1071913777777775,1,0,0,0,0,0,0
949,3900_to_3999,3949.5,10,10,5,5,5.6929393,0.4286843333333333,5.804117,16.680653,9.430244155555554,0.714302,5.6929393,0.4286843333333333,5.804117,16.680653,9.430244155555554,0.714302,0.3,0.3,0.2,0.1,0.1,0,0
105,4000_to_4099,4049.5,10,10,2,2,2.6101984000000003,1.345547125,5.001054999999999,7.216923999999999,3.6009400888888887,2.0701964642857145,2.6101984000000003,1.345547125,5.001054999999999,7.216923999999999,3.6009400888888887,2.0701964642857145,0.8,0.2,0,0,0,0,0
106,4000_to_4099,4049.5,10,10,1,1,1.2354469,1.2354469,1.982163,2.802271,1.452109577777778,1.452109577777778,1.2354469,1.2354469,1.982163,2.802271,1.452109577777778,1.452109577777778,1,0,0,0,0,0,0
237,4000_to_4099,4049.5,10,10,1,3,1.1573332,1.1573332,0.845859,2.6901450000000002,1.3990244,1.3990244,1.1573332,1.1573332,0.845859,2.6901450000000002,1.3990244,1.3990244,1,0,0,0,0,0,0
70,4000_to_4099,4049.5,10,10,3,8,5.1427458999999995,2.2084865000000002,9.735511999999998,16.714872999999997,8.238337533333333,4.164010466666666,5.1427458999999995,2.2084865000000002,9.735511999999998,16.714872999999997,8.238337533333333,4.164010466666666,0.6,0.3,0.1,0,0,0,0
724,4000_to_4099,4049.5,10,10,1,9,3.8376104,3.8376104,3.105159,10.35934,6.057430977777778,6.057430977777778,3.8376104,3.8376104,3.105159,10.35934,6.057430977777778,6.057430977777778,1,0,0,0,0,0,0
727,4000_to_4099,4049.5,10,10,1,1,0.3602849,0.3602849,0.30407,0.939142,0.4468189111111111,0.4468189111111111,0.3602849,0.3602849,0.30407,0.939142,0.4468189111111111,0.4468189111111111,1,0,0,0,0,0,0
911,4000_to_4099,4049.5,10,10,1,3,2.0023212999999997,2.0023212999999997,2.813501,6.28232,3.3319960666666666,3.3319960666666666,2.0023212999999997,2.0023212999999997,2.813501,6.28232,3.3319960666666666,3.3319960666666666,1,0,0,0,0,0,0
94,4000_to_4099,4049.5,10,10,1,6,1.3121774000000002,1.3121774000000002,1.034678,2.564736,1.6335031111111111,1.6335031111111111,1.3121774000000002,1.3121774000000002,1.034678,2.564736,1.6335031111111111,1.6335031111111111,1,0,0,0,0,0,0
949,4000_to_4099,4049.5,10,10,3,3,13.9314333,7.415063999999999,9.832121999999998,36.656386999999995,21.25920402222222,9.6567128,13.9314333,7.415063999999999,9.832121999999998,36.656386999999995,21.25920402222222,9.6567128,0.5,0.3,0.2,0,0,0,0
105,4100_to_4199,4149.5,10,10,2,2,2.9903568,1.516799875,4.155716,7.708307000000001,3.0849872444444446,1.6475163928571428,2.9903568,1.516799875,4.155716,7.708307000000001,3.0849872444444446,1.6475163928571428,0.8,0.2,0,0,0,0,0
106,4100_to_4199,4149.5,10,10,1,2,1.266694,1.266694,2.037133,2.848291,1.5074221777777776,1.5074221777777776,1.266694,1.266694,2.037133,2.848291,1.5074221777777776,1.5074221777777776,1,0,0,0,0,0,0
237,4100_to_4199,4149.5,10,10,1,4,0.9733922999999999,0.9733922999999999,1.027892,2.3817500000000003,1.4252636222222221,1.4252636222222221,0.9733922999999999,0.9733922999999999,1.027892,2.3817500000000003,1.4252636222222221,1.4252636222222221,1,0,0,0,0,0,0
70,4100_to_4199,4149.5,10,10,1,4,2.7206521,2.7206521,2.380718,8.275367999999999,3.9429136666666666,3.9429136666666666,2.7206521,2.7206521,2.380718,8.275367999999999,3.9429136666666666,3.9429136666666666,1,0,0,0,0,0,0
724,4100_to_4199,4149.5,10,10,1,1,2.5862338,2.5862338,3.0291330000000003,8.426817999999999,4.2202580888888885,4.2202580888888885,2.5862338,2.5862338,3.0291330000000003,8.426817999999999,4.2202580888888885,4.2202580888888885,1,0,0,0,0,0,0
727,4100_to_4199,4149.5,10,10,1,1,0.30506200000000006,0.30506200000000006,0.353936,0.900748,0.42934808888888887,0.42934808888888887,0.30506200000000006,0.30506200000000006,0.353936,0.900748,0.42934808888888887,0.42934808888888887,1,0,0,0,0,0,0
911,4100_to_4199,4149.5,10,10,1,2,2.2807929,2.2807929,2.574892,5.6779790000000006,2.8849147333333334,2.8849147333333334,2.2807929,2.2807929,2.574892,5.6779790000000006,2.8849147333333334,2.8849147333333334,1,0,0,0,0,0,0
94,4100_to_4199,4149.5,10,10,3,6,1.1988746000000001,0.46137433333333333,1.792184,3.7931749999999997,1.7709249777777778,0.7852296,1.1988746000000001,0.46137433333333333,1.792184,3.7931749999999997,1.7709249777777778,0.7852296,0.6,0.2,0.2,0,0,0,0
949,4100_to_4199,4149.5,10,10,2,2,11.718884400000002,8.742821571428571,12.764129,29.318458,16.469527822222222,12.392955714285714,11.718884400000002,8.742821571428571,12.764129,29.318458,16.469527822222222,12.392955714285714,0.7,0.3,0,0,0,0,0
105,4200_to_4299,4249.5,10,10,3,7,1.3211874999999997,0.8259527999999999,2.800675,4.3881120000000005,2.2833406,1.2025991999999999,1.3211874999999997,0.8259527999999999,2.800675,4.3881120000000005,2.2833406,1.2025991999999999,0.5,0.3,0.2,0,0,0,0
106,4200_to_4299,4249.5,10,10,2,2,0.7409220999999999,0.12132233333333332,1.1013,1.8940009999999998,0.9639975777777777,0.17745186666666665,0.7409220999999999,0.12132233333333332,1.1013,1.8940009999999998,0.9639975777777777,0.17745186666666665,0.6,0.4,0,0,0,0,0
237,4200_to_4299,4249.5,10,10,1,4,0.6309755,0.6309755,0.735115,2.101152,1.0554599777777778,1.0554599777777778,0.6309755,0.6309755,0.735115,2.101152,1.0554599777777778,1.0554599777777778,1,0,0,0,0,0,0
70,4200_to_4299,4249.5,10,10,1,8,2.2368315,2.2368315,2.514726,6.4254109999999995,3.5541480666666665,3.5541480666666665,2.2368315,2.2368315,2.514726,6.4254109999999995,3.5541480666666665,3.5541480666666665,1,0,0,0,0,0,0
724,4200_to_4299,4249.5,10,10,1,1,2.4204692,2.4204692,1.992548,6.181065,3.666200888888889,3.666200888888889,2.4204692,2.4204692,1.992548,6.181065,3.666200888888889,3.666200888888889,1,0,0,0,0,0,0
727,4200_to_4299,4249.5,10,10,1,1,0.38049920000000004,0.38049920000000004,0.445035,1.279055,0.5419239111111112,0.5419239111111112,0.38049920000000004,0.38049920000000004,0.445035,1.279055,0.5419239111111112,0.5419239111111112,1,0,0,0,0,0,0
911,4200_to_4299,4249.5,10,10,1,3,1.9743288999999997,1.9743288999999997,1.772249,5.742284,3.3709640666666667,3.3709640666666667,1.9743288999999997,1.9743288999999997,1.772249,5.742284,3.3709640666666667,3.3709640666666667,1,0,0,0,0,0,0
94,4200_to_4299,4249.5,10,10,1,7,1.9070513000000002,1.9070513000000002,1.41812,3.5051640000000006,1.9413843333333334,1.9413843333333334,1.9070513000000002,1.9070513000000002,1.41812,3.5051640000000006,1.9413843333333334,1.9413843333333334,1,0,0,0,0,0,0
949,4200_to_4299,4249.5,10,10,2,2,14.905495499999997,5.675046857142858,22.923181,33.663695999999995,18.59312322222222,9.967888095238095,14.905495499999997,5.675046857142858,22.923181,33.663695999999995,18.59312322222222,9.967888095238095,0.7,0.3,0,0,0,0,0
105,4300_to_4399,4349.5,10,10,3,6,2.4721009,1.4323241428571425,4.210722,6.859378,3.170856511111111,1.640232476190476,2.4721009,1.4323241428571425,4.210722,6.859378,3.170856511111111,1.640232476190476,0.7,0.2,0.1,0,0,0,0
106,4300_to_4399,4349.5,10,10,1,2,0.6191553,0.6191553,0.9039470000000001,1.5221069999999999,0.8271118444444444,0.8271118444444444,0.6191553,0.6191553,0.9039470000000001,1.5221069999999999,0.8271118444444444,0.8271118444444444,1,0,0,0,0,0,0
237,4300_to_4399,4349.5,10,10,1,6,0.8199962000000001,0.8199962000000001,0.976212,2.852086,1.3071988444444445,1.3071988444444445,0.8199962000000001,0.8199962000000001,0.976212,2.852086,1.3071988444444445,1.3071988444444445,1,0,0,0,0,0,0
70,4300_to_4399,4349.5,10,10,1,4,3.8156261000000007,3.8156261000000007,4.604043000000001,9.440478,5.494046244444444,5.494046244444444,3.8156261000000007,3.8156261000000007,4.604043000000001,9.440478,5.494046244444444,5.494046244444444,1,0,0,0,0,0,0
724,4300_to_4399,4349.5,10,10,2,3,4.1857159,3.4002362857142856,3.270328,12.498126,6.476264288888889,4.287501333333333,4.1857159,3.4002362857142856,3.270328,12.498126,6.476264288888889,4.287501333333333,0.7,0.3,0,0,0,0,0
727,4300_to_4399,4349.5,10,10,1,1,0.41324830000000007,0.41324830000000007,0.319923,0.862571,0.4528597111111111,0.4528597111111111,0.41324830000000007,0.41324830000000007,0.319923,0.862571,0.4528597111111111,0.4528597111111111,1,0,0,0,0,0,0
911,4300_to_4399,4349.5,10,10,1,3,1.9560596999999997,1.9560596999999997,3.072542,6.0054,3.192705177777778,3.192705177777778,1.9560596999999997,1.9560596999999997,3.072542,6.0054,3.192705177777778,3.192705177777778,1,0,0,0,0,0,0
94,4300_to_4399,4349.5,10,10,2,3,1.6508417999999998,1.467934142857143,1.06091,3.477521,2.000705733333333,1.1544246666666667,1.6508417999999998,1.467934142857143,1.06091,3.477521,2.000705733333333,1.1544246666666667,0.7,0.3,0,0,0,0,0
949,4300_to_4399,4349.5,10,10,2,2,12.857046900000004,6.715791142857142,15.256084000000003,26.476103000000002,15.356012422222223,9.964621428571428,12.857046900000004,6.715791142857142,15.256084000000003,26.476103000000002,15.356012422222223,9.964621428571428,0.7,0.3,0,0,0,0,0
105,4400_to_4499,4449.5,10,10,3,5,1.9369663,0.9169989999999999,4.4627229999999996,8.021917,3.2752647777777777,1.4919282,1.9369663,0.9169989999999999,4.4627229999999996,8.021917,3.2752647777777777,1.4919282,0.5,0.3,0.2,0,0,0,0
106,4400_to_4499,4449.5,10,10,1,5,1.247087,1.247087,1.663694,2.720599,1.4061121333333333,1.4061121333333333,1.247087,1.247087,1.663694,2.720599,1.4061121333333333,1.4061121333333333,1,0,0,0,0,0,0
237,4400_to_4499,4449.5,10,10,1,6,0.9064854999999998,0.9064854999999998,0.84028,2.429164,1.2561698,1.2561698,0.9064854999999998,0.9064854999999998,0.84028,2.429164,1.2561698,1.2561698,1,0,0,0,0,0,0
70,4400_to_4499,4449.5,10,10,2,5,6.396288,1.5821134000000001,4.9167320000000005,15.208473000000001,7.794905022222222,2.8753574,6.396288,1.5821134000000001,4.9167320000000005,15.208473000000001,7.794905022222222,2.8753574,0.5,0.5,0,0,0,0,0
724,4400_to_4499,4449.5,10,10,2,6,5.646063700000001,2.8396651111111115,5.648147,9.588553999999998,5.285608333333333,4.4850573888888885,5.646063700000001,2.8396651111111115,5.648147,9.588553999999998,5.285608333333333,4.4850573888888885,0.9,0.1,0,0,0,0,0
727,4400_to_4499,4449.5,10,10,1,1,0.368775,0.368775,0.496711,1.274153,0.5838766222222223,0.5838766222222223,0.368775,0.368775,0.496711,1.274153,0.5838766222222223,0.5838766222222223,1,0,0,0,0,0,0
911,4400_to_4499,4449.5,10,10,1,2,2.3188649,2.3188649,3.273062,6.948727,3.857209933333333,3.857209933333333,2.3188649,2.3188649,3.273062,6.948727,3.857209933333333,3.857209933333333,1,0,0,0,0,0,0
94,4400_to_4499,4449.5,10,10,2,3,3.3268674000000003,0.8748456666666665,3.3940390000000003,7.358116,3.9649054666666665,1.185192,3.3268674000000003,0.8748456666666665,3.3940390000000003,7.358116,3.9649054666666665,1.185192,0.6,0.4,0,0,0,0,0
949,4400_to_4499,4449.5,10,10,2,2,20.6293935,8.994985714285715,29.377354999999998,44.82432,24.742766822222222,13.464764,20.6293935,8.994985714285715,29.377354999999998,44.82432,24.742766822222222,13.464764,0.7,0.3,0,0,0,0,0
105,4500_to_4599,4549.5,10,10,2,7,1.2257164000000003,0.6474522500000001,2.356939,4.72757,1.8322756444444446,0.9831242857142858,1.2257164000000003,0.6474522500000001,2.356939,4.72757,1.8322756444444446,0.9831242857142858,0.8,0.2,0,0,0,0,0
106,4500_to_4599,4549.5,10,10,1,1,0.5041749999999998,0.5041749999999998,0.67213,1.117576,0.5602698666666667,0.5602698666666667,0.5041749999999998,0.5041749999999998,0.67213,1.117576,0.5602698666666667,0.5602698666666667,1,0,0,0,0,0,0
237,4500_to_4599,4549.5,10,10,1,7,0.5899648,0.5899648,0.454919,1.620576,0.8426795555555555,0.8426795555555555,0.5899648,0.5899648,0.454919,1.620576,0.8426795555555555,0.8426795555555555,1,0,0,0,0,0,0
70,4500_to_4599,4549.5,10,10,1,6,1.7712232,1.7712232,2.148454,5.238823,2.627412577777778,2.627412577777778,1.7712232,1.7712232,2.148454,5.238823,2.627412577777778,2.627412577777778,1,0,0,0,0,0,0
724,4500_to_4599,4549.5,10,10,1,5,1.4881493,1.4881493,1.620651,3.7731350000000003,1.9036534,1.9036534,1.4881493,1.4881493,1.620651,3.7731350000000003,1.9036534,1.9036534,1,0,0,0,0,0,0
727,4500_to_4599,4549.5,10,10,1,1,0.1671855,0.1671855,0.174381,0.625236,0.28163064444444447,0.28163064444444447,0.1671855,0.1671855,0.174381,0.625236,0.28163064444444447,0.28163064444444447,1,0,0,0,0,0,0
911,4500_to_4599,4549.5,10,10,1,1,1.9440064999999997,1.9440064999999997,1.416752,3.5762490000000002,1.8447469111111112,1.8447469111111112,1.9440064999999997,1.9440064999999997,1.416752,3.5762490000000002,1.8447469111111112,1.8447469111111112,1,0,0,0,0,0,0
94,4500_to_4599,4549.5,10,10,1,4,1.0421425,1.0421425,0.571482,2.1110990000000003,1.1430367333333333,1.1430367333333333,1.0421425,1.0421425,0.571482,2.1110990000000003,1.1430367333333333,1.1430367333333333,1,0,0,0,0,0,0
949,4500_to_4599,4549.5,10,10,2,2,6.887697499999999,3.913232428571429,9.047715,18.297283999999998,9.152250822222221,5.681297333333333,6.887697499999999,3.913232428571429,9.047715,18.297283999999998,9.152250822222221,5.681297333333333,0.7,0.3,0,0,0,0,0
105,4600_to_4699,4649.5,10,10,1,4,1.020699,1.020699,1.125266,2.814236,1.1661468,1.1661468,1.020699,1.020699,1.125266,2.814236,1.1661468,1.1661468,1,0,0,0,0,0,0
106,4600_to_4699,4649.5,10,10,1,1,0.5747871,0.5747871,0.80974,1.3288080000000002,0.654243888888889,0.654243888888889,0.5747871,0.5747871,0.80974,1.3288080000000002,0.654243888888889,0.654243888888889,1,0,0,0,0,0,0
237,4600_to_4699,4649.5,10,10,1,1,0.3248916,0.3248916,0.416526,1.238101,0.5609336888888888,0.5609336888888888,0.3248916,0.3248916,0.416526,1.238101,0.5609336888888888,0.5609336888888888,1,0,0,0,0,0,0
70,4600_to_4699,4649.5,10,10,2,4,2.2170551000000005,1.1439171428571429,4.441659,6.653353,3.519787044444444,1.7258859047619048,2.2170551000000005,1.1439171428571429,4.441659,6.653353,3.519787044444444,1.7258859047619048,0.7,0.3,0,0,0,0,0
724,4600_to_4699,4649.5,10,10,1,4,0.8668582,0.8668582,1.099382,2.501468,1.5291944888888889,1.5291944888888889,0.8668582,0.8668582,1.099382,2.501468,1.5291944888888889,1.5291944888888889,1,0,0,0,0,0,0
727,4600_to_4699,4649.5,10,10,1,1,0.14987389999999998,0.14987389999999998,0.125811,0.557074,0.2574806888888889,0.2574806888888889,0.14987389999999998,0.14987389999999998,0.125811,0.557074,0.2574806888888889,0.2574806888888889,1,0,0,0,0,0,0
911,4600_to_4699,4649.5,10,10,2,2,1.8863895,0.9727164285714286,2.0346640000000003,4.535831000000001,2.2960120666666666,1.1063775238095237,1.8863895,0.9727164285714286,2.0346640000000003,4.535831000000001,2.2960120666666666,1.1063775238095237,0.7,0.3,0,0,0,0,0
94,4600_to_4699,4649.5,10,10,1,2,0.5633302,0.5633302,0.482017,1.270201,0.7934129333333333,0.7934129333333333,0.5633302,0.5633302,0.482017,1.270201,0.7934129333333333,0.7934129333333333,1,0,0,0,0,0,0
949,4600_to_4699,4649.5,10,10,3,6,4.4292429,3.3071198333333336,3.8222620000000003,11.747883,7.020001977777778,5.390647266666666,4.4292429,3.3071198333333336,3.8222620000000003,11.747883,7.020001977777778,5.390647266666666,0.6,0.3,0.1,0,0,0,0
105,4700_to_4799,4749.5,10,10,2,2,2.6895073,1.488156375,3.953257,7.16135,2.8998884222222223,1.4252561785714286,2.6895073,1.488156375,3.953257,7.16135,2.8998884222222223,1.4252561785714286,0.8,0.2,0,0,0,0,0
106,4700_to_4799,4749.5,10,10,1,1,0.8212085,0.8212085,1.1970990000000001,2.260409,1.023552822222222,1.023552822222222,0.8212085,0.8212085,1.1970990000000001,2.260409,1.023552822222222,1.023552822222222,1,0,0,0,0,0,0
237,4700_to_4799,4749.5,10,10,1,1,0.6277016,0.6277016,0.7062620000000001,2.048401,1.0406206666666666,1.0406206666666666,0.6277016,0.6277016,0.7062620000000001,2.048401,1.0406206666666666,1.0406206666666666,1,0,0,0,0,0,0
70,4700_to_4799,4749.5,10,10,3,5,4.5117946,1.02571525,3.549543,11.739526999999999,5.969889955555556,1.1644371666666666,4.5117946,1.02571525,3.549543,11.739526999999999,5.969889955555556,1.1644371666666666,0.4,0.3,0.3,0,0,0,0
724,4700_to_4799,4749.5,10,10,1,5,2.9887588000000003,2.9887588000000003,2.700428,6.852795,4.275035511111112,4.275035511111112,2.9887588000000003,2.9887588000000003,2.700428,6.852795,4.275035511111112,4.275035511111112,1,0,0,0,0,0,0
727,4700_to_4799,4749.5,10,10,1,4,0.41538280000000005,0.41538280000000005,0.291568,0.890499,0.4636786666666667,0.4636786666666667,0.41538280000000005,0.41538280000000005,0.291568,0.890499,0.4636786666666667,0.4636786666666667,1,0,0,0,0,0,0
911,4700_to_4799,4749.5,10,10,2,2,6.388746800000002,1.7024807142857143,12.274501,16.487327,8.288852311111112,2.1094699047619048,6.388746800000002,1.7024807142857143,12.274501,16.487327,8.288852311111112,2.1094699047619048,0.7,0.3,0,0,0,0,0
94,4700_to_4799,4749.5,10,10,1,3,1.2276107,1.2276107,1.1142539999999999,2.572887,1.6673267777777778,1.6673267777777778,1.2276107,1.2276107,1.1142539999999999,2.572887,1.6673267777777778,1.6673267777777778,1,0,0,0,0,0,0
949,4700_to_4799,4749.5,10,10,2,2,7.0597775,5.3572288750000006,7.663908,22.130159000000003,10.75230811111111,9.218712821428571,7.0597775,5.3572288750000006,7.663908,22.130159000000003,10.75230811111111,9.218712821428571,0.8,0.2,0,0,0,0,0
105,4800_to_4899,4849.5,10,10,2,2,3.2828883000000006,1.5631541249999998,4.8719269999999995,8.477667,3.2796523777777775,1.5119278928571427,3.2828883000000006,1.5631541249999998,4.8719269999999995,8.477667,3.2796523777777775,1.5119278928571427,0.8,0.2,0,0,0,0,0
106,4800_to_4899,4849.5,10,10,1,1,0.8395885,0.8395885,1.2392910000000001,1.7071040000000002,0.9079058888888889,0.9079058888888889,0.8395885,0.8395885,1.2392910000000001,1.7071040000000002,0.9079058888888889,0.9079058888888889,1,0,0,0,0,0,0
237,4800_to_4899,4849.5,10,10,1,3,1.0263917,1.0263917,1.141113,2.442335,1.3177305555555556,1.3177305555555556,1.0263917,1.0263917,1.141113,2.442335,1.3177305555555556,1.3177305555555556,1,0,0,0,0,0,0
70,4800_to_4899,4849.5,10,10,2,5,3.7962446,2.9835840000000005,2.492394,9.82771,5.250877688888889,2.9687040000000002,3.7962446,2.9835840000000005,2.492394,9.82771,5.250877688888889,2.9687040000000002,0.6,0.4,0,0,0,0,0
724,4800_to_4899,4849.5,10,10,1,1,2.3172014,2.3172014,2.007714,6.611918,3.6244362666666667,3.6244362666666667,2.3172014,2.3172014,2.007714,6.611918,3.6244362666666667,3.6244362666666667,1,0,0,0,0,0,0
727,4800_to_4899,4849.5,10,10,1,1,0.3144215,0.3144215,0.397614,0.969375,0.45455588888888887,0.45455588888888887,0.3144215,0.3144215,0.397614,0.969375,0.45455588888888887,0.45455588888888887,1,0,0,0,0,0,0
911,4800_to_4899,4849.5,10,10,1,3,2.2376694,2.2376694,2.43112,4.171365000000001,2.4750901333333335,2.4750901333333335,2.2376694,2.2376694,2.43112,4.171365000000001,2.4750901333333335,2.4750901333333335,1,0,0,0,0,0,0
94,4800_to_4899,4849.5,10,10,1,8,1.1415445000000004,1.1415445000000004,1.030909,3.0424800000000003,1.5046611777777779,1.5046611777777779,1.1415445000000004,1.1415445000000004,1.030909,3.0424800000000003,1.5046611777777779,1.5046611777777779,1,0,0,0,0,0,0
949,4800_to_4899,4849.5,10,10,3,3,10.5312759,7.41448025,9.220416,32.721679,15.514207844444444,12.180546285714286,10.5312759,7.41448025,9.220416,32.721679,15.514207844444444,12.180546285714286,0.8,0.1,0.1,0,0,0,0
105,4900_to_4999,4949.5,10,10,3,3,2.7867793,1.510460714285714,4.865276,8.303763,3.549036111111111,1.5654534285714286,2.7867793,1.510460714285714,4.865276,8.303763,3.549036111111111,1.5654534285714286,0.7,0.2,0.1,0,0,0,0
106,4900_to_4999,4949.5,10,10,2,7,0.7140549,0.1942056666666667,0.995671,1.660162,0.8481008222222223,0.17130173333333334,0.7140549,0.1942056666666667,0.995671,1.660162,0.8481008222222223,0.17130173333333334,0.6,0.4,0,0,0,0,0
237,4900_to_4999,4949.5,10,10,1,6,1.3649127,1.3649127,1.024975,2.485891,1.1531214444444444,1.1531214444444444,1.3649127,1.3649127,1.024975,2.485891,1.1531214444444444,1.1531214444444444,1,0,0,0,0,0,0
70,4900_to_4999,4949.5,10,10,2,4,4.0962626,1.562057833333333,4.829128999999999,10.517209999999999,5.667859022222221,1.9240636666666666,4.0962626,1.562057833333333,4.829128999999999,10.517209999999999,5.667859022222221,1.9240636666666666,0.6,0.4,0,0,0,0,0
724,4900_to_4999,4949.5,10,10,2,7,2.1065023999999997,1.966962857142857,2.625711,6.5868590000000005,3.5199910222222224,3.0019780952380954,2.1065023999999997,1.966962857142857,2.625711,6.5868590000000005,3.5199910222222224,3.0019780952380954,0.7,0.3,0,0,0,0,0
727,4900_to_4999,4949.5,10,10,1,1,0.3454248,0.3454248,0.226192,0.91981,0.4335059111111111,0.4335059111111111,0.3454248,0.3454248,0.226192,0.91981,0.4335059111111111,0.4335059111111111,1,0,0,0,0,0,0
911,4900_to_4999,4949.5,10,10,1,2,2.9319599000000003,2.9319599000000003,3.28819,8.426125,3.687661488888889,3.687661488888889,2.9319599000000003,2.9319599000000003,3.28819,8.426125,3.687661488888889,3.687661488888889,1,0,0,0,0,0,0
94,4900_to_4999,4949.5,10,10,1,4,1.3456190000000001,1.3456190000000001,1.002977,3.0035729999999994,1.6359228,1.6359228,1.3456190000000001,1.3456190000000001,1.002977,3.0035729999999994,1.6359228,1.6359228,1,0,0,0,0,0,0
949,4900_to_4999,4949.5,10,10,4,4,9.342915000000001,3.9714905,13.313499000000004,28.132521000000004,15.683700666666669,6.927019333333333,9.342915000000001,3.9714905,13.313499000000004,28.132521000000004,15.683700666666669,6.927019333333333,0.4,0.4,0.1,0.1,0,0,0
105,5000_to_5099,5049.5,10,10,2,2,2.7385488,1.040802875,4.289161,6.583587,3.0002730222222223,1.6533536071428572,2.7385488,1.040802875,4.289161,6.583587,3.0002730222222223,1.6533536071428572,0.8,0.2,0,0,0,0,0
106,5000_to_5099,5049.5,10,10,1,3,0.9826906000000001,0.9826906000000001,0.963918,1.7407159999999997,0.9055328444444445,0.9055328444444445,0.9826906000000001,0.9826906000000001,0.963918,1.7407159999999997,0.9055328444444445,0.9055328444444445,1,0,0,0,0,0,0
237,5000_to_5099,5049.5,10,10,1,2,0.9349066,0.9349066,0.634109,2.5768590000000002,1.3547286666666667,1.3547286666666667,0.9349066,0.9349066,0.634109,2.5768590000000002,1.3547286666666667,1.3547286666666667,1,0,0,0,0,0,0
70,5000_to_5099,5049.5,10,10,2,3,3.8095065999999997,1.3395382,3.339921,9.983205,5.485623777777778,1.4764272,3.8095065999999997,1.3395382,3.339921,9.983205,5.485623777777778,1.4764272,0.5,0.5,0,0,0,0,0
724,5000_to_5099,5049.5,10,10,1,5,4.013097,4.013097,2.8114920000000003,10.214532,6.089406311111111,6.089406311111111,4.013097,4.013097,2.8114920000000003,10.214532,6.089406311111111,6.089406311111111,1,0,0,0,0,0,0
727,5000_to_5099,5049.5,10,10,1,1,0.3096403,0.3096403,0.21939,0.7276719999999999,0.3692737111111111,0.3692737111111111,0.3096403,0.3096403,0.21939,0.7276719999999999,0.3692737111111111,0.3692737111111111,1,0,0,0,0,0,0
911,5000_to_5099,5049.5,10,10,1,1,2.4448642,2.4448642,2.311466,7.193691,4.096460177777778,4.096460177777778,2.4448642,2.4448642,2.311466,7.193691,4.096460177777778,4.096460177777778,1,0,0,0,0,0,0
94,5000_to_5099,5049.5,10,10,2,2,1.7658015999999996,1.2832799999999998,1.115429,3.7360639999999994,2.195173511111111,1.2198459999999998,1.7658015999999996,1.2832799999999998,1.115429,3.7360639999999994,2.195173511111111,1.2198459999999998,0.7,0.3,0,0,0,0,0
949,5000_to_5099,5049.5,10,10,2,2,12.298422100000002,8.582847777777776,24.254863,38.322784,17.27089508888889,13.379191166666665,12.298422100000002,8.582847777777776,24.254863,38.322784,17.27089508888889,13.379191166666665,0.9,0.1,0,0,0,0,0
105,5100_to_5199,5149.5,10,10,1,2,0.6712047999999999,0.6712047999999999,0.879048,2.330849,1.127268711111111,1.127268711111111,0.6712047999999999,0.6712047999999999,0.879048,2.330849,1.127268711111111,1.127268711111111,1,0,0,0,0,0,0
106,5100_to_5199,5149.5,10,10,2,2,0.5346274999999999,0.13575183333333332,0.842064,1.4771729999999998,0.7145904666666667,0.16721566666666665,0.5346274999999999,0.13575183333333332,0.842064,1.4771729999999998,0.7145904666666667,0.16721566666666665,0.6,0.4,0,0,0,0,0
237,5100_to_5199,5149.5,10,10,1,1,0.5627084,0.5627084,0.579226,1.424988,0.7894806666666667,0.7894806666666667,0.5627084,0.5627084,0.579226,1.424988,0.7894806666666667,0.7894806666666667,1,0,0,0,0,0,0
70,5100_to_5199,5149.5,10,10,2,5,2.6753385999999995,1.2432372857142855,4.235302,8.47058,4.024894844444445,1.9962990476190476,2.6753385999999995,1.2432372857142855,4.235302,8.47058,4.024894844444445,1.9962990476190476,0.7,0.3,0,0,0,0,0
724,5100_to_5199,5149.5,10,10,1,4,1.7400224999999998,1.7400224999999998,1.271327,4.110432,2.331416511111111,2.331416511111111,1.7400224999999998,1.7400224999999998,1.271327,4.110432,2.331416511111111,2.331416511111111,1,0,0,0,0,0,0
727,5100_to_5199,5149.5,10,10,1,3,0.1731701,0.1731701,0.172769,0.56471,0.25769473333333337,0.25769473333333337,0.1731701,0.1731701,0.172769,0.56471,0.25769473333333337,0.25769473333333337,1,0,0,0,0,0,0
911,5100_to_5199,5149.5,10,10,1,4,1.2695931,1.2695931,1.337218,4.257639,2.1514122,2.1514122,1.2695931,1.2695931,1.337218,4.257639,2.1514122,2.1514122,1,0,0,0,0,0,0
94,5100_to_5199,5149.5,10,10,1,4,1.1080364999999999,1.1080364999999999,0.677572,2.56378,1.5358880222222222,1.5358880222222222,1.1080364999999999,1.1080364999999999,0.677572,2.56378,1.5358880222222222,1.5358880222222222,1,0,0,0,0,0,0
949,5100_to_5199,5149.5,10,10,1,1,3.9563845,3.9563845,4.065494,10.791097,5.602722022222222,5.602722022222222,3.9563845,3.9563845,4.065494,10.791097,5.602722022222222,5.602722022222222,1,0,0,0,0,0,0
105,5200_to_5299,5249.5,10,10,2,2,3.1137688,1.1374840000000002,4.972598,7.275915,3.311659511111111,1.721120642857143,3.1137688,1.1374840000000002,4.972598,7.275915,3.311659511111111,1.721120642857143,0.8,0.2,0,0,0,0,0
106,5200_to_5299,5249.5,10,10,2,2,0.9761004,0.1182328333333333,1.539177,2.153129,1.1361201777777779,0.17084846666666667,0.9761004,0.1182328333333333,1.539177,2.153129,1.1361201777777779,0.17084846666666667,0.6,0.4,0,0,0,0,0
237,5200_to_5299,5249.5,10,10,1,1,0.9814489,0.9814489,0.707355,2.351991,1.2455682444444445,1.2455682444444445,0.9814489,0.9814489,0.707355,2.351991,1.2455682444444445,1.2455682444444445,1,0,0,0,0,0,0
70,5200_to_5299,5249.5,10,10,2,5,3.9895208,2.258263857142857,5.924824,10.258664,5.640914177777778,3.055941619047619,3.9895208,2.258263857142857,5.924824,10.258664,5.640914177777778,3.055941619047619,0.7,0.3,0,0,0,0,0
724,5200_to_5299,5249.5,10,10,1,3,3.4874615000000007,3.4874615000000007,2.300947,10.194937,4.9378606000000005,4.9378606000000005,3.4874615000000007,3.4874615000000007,2.300947,10.194937,4.9378606000000005,4.9378606000000005,1,0,0,0,0,0,0
727,5200_to_5299,5249.5,10,10,1,3,0.3966303,0.3966303,0.402394,1.134876,0.5123530000000001,0.5123530000000001,0.3966303,0.3966303,0.402394,1.134876,0.5123530000000001,0.5123530000000001,1,0,0,0,0,0,0
911,5200_to_5299,5249.5,10,10,1,4,1.8800257999999999,1.8800257999999999,2.696352,4.700665,2.8828390666666666,2.8828390666666666,1.8800257999999999,1.8800257999999999,2.696352,4.700665,2.8828390666666666,2.8828390666666666,1,0,0,0,0,0,0
94,5200_to_5299,5249.5,10,10,2,6,1.5858434999999997,1.3801776666666667,1.033659,2.95197,1.6354967333333335,1.4847895000000002,1.5858434999999997,1.3801776666666667,1.033659,2.95197,1.6354967333333335,1.4847895000000002,0.9,0.1,0,0,0,0,0
949,5200_to_5299,5249.5,10,10,1,1,7.315534199999999,7.315534199999999,5.819285,15.436868,9.9439384,9.9439384,7.315534199999999,7.315534199999999,5.819285,15.436868,9.9439384,9.9439384,1,0,0,0,0,0,0
105,5300_to_5399,5349.5,10,10,1,2,2.2837125,2.2837125,2.732118,4.154125,1.9425293555555554,1.9425293555555554,2.2837125,2.2837125,2.732118,4.154125,1.9425293555555554,1.9425293555555554,1,0,0,0,0,0,0
106,5300_to_5399,5349.5,10,10,1,4,0.8380776999999998,0.8380776999999998,1.284822,1.747328,0.9385869555555555,0.9385869555555555,0.8380776999999998,0.8380776999999998,1.284822,1.747328,0.9385869555555555,0.9385869555555555,1,0,0,0,0,0,0
237,5300_to_5399,5349.5,10,10,1,1,0.9746310999999999,0.9746310999999999,0.749769,1.9801720000000003,1.101461,1.101461,0.9746310999999999,0.9746310999999999,0.749769,1.9801720000000003,1.101461,1.101461,1,0,0,0,0,0,0
70,5300_to_5399,5349.5,10,10,1,3,2.5779761999999997,2.5779761999999997,1.8036349999999999,6.585412000000001,3.643423155555556,3.643423155555556,2.5779761999999997,2.5779761999999997,1.8036349999999999,6.585412000000001,3.643423155555556,3.643423155555556,1,0,0,0,0,0,0
724,5300_to_5399,5349.5,10,10,1,1,3.6509284,3.6509284,2.780235,7.992977,4.9236629333333335,4.9236629333333335,3.6509284,3.6509284,2.780235,7.992977,4.9236629333333335,4.9236629333333335,1,0,0,0,0,0,0
727,5300_to_5399,5349.5,10,10,1,1,0.19997160000000003,0.19997160000000003,0.247349,0.587566,0.28451213333333336,0.28451213333333336,0.19997160000000003,0.19997160000000003,0.247349,0.587566,0.28451213333333336,0.28451213333333336,1,0,0,0,0,0,0
911,5300_to_5399,5349.5,10,10,1,1,1.6241440999999999,1.6241440999999999,2.070056,4.456720000000001,2.5791825555555556,2.5791825555555556,1.6241440999999999,1.6241440999999999,2.070056,4.456720000000001,2.5791825555555556,2.5791825555555556,1,0,0,0,0,0,0
94,5300_to_5399,5349.5,10,10,2,4,1.8460308,0.5781068333333333,1.9206800000000002,3.988981,2.141995111111111,0.548315,1.8460308,0.5781068333333333,1.9206800000000002,3.988981,2.141995111111111,0.548315,0.6,0.4,0,0,0,0,0
949,5300_to_5399,5349.5,10,10,1,1,8.2124795,8.2124795,9.1681260000000009,26.345997,12.808186422222223,12.808186422222223,8.2124795,8.2124795,9.1681260000000009,26.345997,12.808186422222223,12.808186422222223,1,0,0,0,0,0,0
105,5400_to_5499,5449.5,10,10,1,2,3.2255881000000004,3.2255881000000004,3.826092,7.363516999999999,2.9554991777777775,2.9554991777777775,3.2255881000000004,3.2255881000000004,3.826092,7.363516999999999,2.9554991777777775,2.9554991777777775,1,0,0,0,0,0,0
106,5400_to_5499,5449.5,10,10,2,4,0.8773917000000001,0.09841950000000001,1.2455420000000001,1.7308850000000002,0.9608140666666668,0.14216846666666666,0.8773917000000001,0.09841950000000001,1.2455420000000001,1.7308850000000002,0.9608140666666668,0.14216846666666666,0.6,0.4,0,0,0,0,0
237,5400_to_5499,5449.5,10,10,1,1,0.7677906,0.7677906,0.636132,2.006275,0.9376826666666667,0.9376826666666667,0.7677906,0.7677906,0.636132,2.006275,0.9376826666666667,0.9376826666666667,1,0,0,0,0,0,0
70,5400_to_5499,5449.5,10,10,2,4,3.5582632,2.4066275555555556,5.460319999999999,10.819205,4.3462964444444445,3.466133666666667,3.5582632,2.4066275555555556,5.460319999999999,10.819205,4.3462964444444445,3.466133666666667,0.9,0.1,0,0,0,0,0
724,5400_to_5499,5449.5,10,10,1,4,3.104229,3.104229,1.868643,7.836042000000001,4.5759908000000005,4.5759908000000005,3.104229,3.104229,1.868643,7.836042000000001,4.5759908000000005,4.5759908000000005,1,0,0,0,0,0,0
727,5400_to_5499,5449.5,10,10,1,1,0.28353979999999995,0.28353979999999995,0.22901,0.8227019999999999,0.38274675555555554,0.38274675555555554,0.28353979999999995,0.28353979999999995,0.22901,0.8227019999999999,0.38274675555555554,0.38274675555555554,1,0,0,0,0,0,0
911,5400_to_5499,5449.5,10,10,1,3,2.5603143,2.5603143,4.522079,8.502634,4.061699133333334,4.061699133333334,2.5603143,2.5603143,4.522079,8.502634,4.061699133333334,4.061699133333334,1,0,0,0,0,0,0
94,5400_to_5499,5449.5,10,10,2,5,1.3075088,0.5474261666666665,1.264932,3.395849,1.6746268888888889,0.78054313333333325,1.3075088,0.5474261666666665,1.264932,3.395849,1.6746268888888889,0.78054313333333325,0.6,0.4,0,0,0,0,0
949,5400_to_5499,5449.5,10,10,1,1,10.358061,10.358061,8.871438,23.420023,13.918436488888888,13.918436488888888,10.358061,10.358061,8.871438,23.420023,13.918436488888888,13.918436488888888,1,0,0,0,0,0,0
105,5500_to_5599,5549.5,10,10,3,5,0.8859815,0.8149205,1.5153,3.224362,1.5477563333333333,1.2074096666666667,0.8859815,0.8149205,1.5153,3.224362,1.5477563333333333,1.2074096666666667,0.6,0.2,0.2,0,0,0,0
106,5500_to_5599,5549.5,10,10,1,4,0.32880840000000006,0.32880840000000006,0.336986,0.7954380000000001,0.41148942222222223,0.41148942222222223,0.32880840000000006,0.32880840000000006,0.336986,0.7954380000000001,0.41148942222222223,0.41148942222222223,1,0,0,0,0,0,0
237,5500_to_5599,5549.5,10,10,1,3,0.5352545,0.5352545,0.792144,2.100072,0.8840961111111111,0.8840961111111111,0.5352545,0.5352545,0.792144,2.100072,0.8840961111111111,0.8840961111111111,1,0,0,0,0,0,0
70,5500_to_5599,5549.5,10,10,1,3,2.0101006,2.0101006,3.414451,7.599108,3.2763278222222225,3.2763278222222225,2.0101006,2.0101006,3.414451,7.599108,3.2763278222222225,3.2763278222222225,1,0,0,0,0,0,0
724,5500_to_5599,5549.5,10,10,1,4,2.6682145,2.6682145,1.5881539999999998,5.205798,2.872170022222222,2.872170022222222,2.6682145,2.6682145,1.5881539999999998,5.205798,2.872170022222222,2.872170022222222,1,0,0,0,0,0,0
727,5500_to_5599,5549.5,10,10,1,1,0.20135560000000002,0.20135560000000002,0.221722,0.6642920000000001,0.3047911111111111,0.3047911111111111,0.20135560000000002,0.20135560000000002,0.221722,0.6642920000000001,0.3047911111111111,0.3047911111111111,1,0,0,0,0,0,0
911,5500_to_5599,5549.5,10,10,1,1,1.2365722,1.2365722,1.63115,4.0266210000000004,2.0579377777777776,2.0579377777777776,1.2365722,1.2365722,1.63115,4.0266210000000004,2.0579377777777776,2.0579377777777776,1,0,0,0,0,0,0
94,5500_to_5599,5549.5,10,10,3,4,1.0292294000000002,0.4320916666666667,0.682699,2.1883489999999997,1.249352622222222,0.5416749333333333,1.0292294000000002,0.4320916666666667,0.682699,2.1883489999999997,1.249352622222222,0.5416749333333333,0.6,0.3,0.1,0,0,0,0
949,5500_to_5599,5549.5,10,10,1,1,3.6050106,3.6050106,4.151381,9.62825,5.168376355555555,5.168376355555555,3.6050106,3.6050106,4.151381,9.62825,5.168376355555555,5.168376355555555,1,0,0,0,0,0,0
105,5600_to_5699,5649.5,10,10,2,2,4.547086300000001,1.3848581249999998,6.135658000000001,8.975559,3.8449993111111116,1.78791625,4.547086300000001,1.3848581249999998,6.135658000000001,8.975559,3.8449993111111116,1.78791625,0.8,0.2,0,0,0,0,0
106,5600_to_5699,5649.5,10,10,2,5,0.8965586,0.33165516666666667,1.162735,1.863968,0.9730126666666666,0.26834006666666665,0.8965586,0.33165516666666667,1.162735,1.863968,0.9730126666666666,0.26834006666666665,0.6,0.4,0,0,0,0,0
237,5600_to_5699,5649.5,10,10,1,2,0.8902531,0.8902531,1.025039,3.238399,1.2824098888888888,1.2824098888888888,0.8902531,0.8902531,1.025039,3.238399,1.2824098888888888,1.2824098888888888,1,0,0,0,0,0,0
70,5600_to_5699,5649.5,10,10,1,8,3.3521966000000005,3.3521966000000005,2.595352,7.907933,4.8827549333333335,4.8827549333333335,3.3521966000000005,3.3521966000000005,2.595352,7.907933,4.8827549333333335,4.8827549333333335,1,0,0,0,0,0,0
724,5600_to_5699,5649.5,10,10,3,4,3.5979733000000005,2.047522,3.9208610000000004,10.3398,5.8678083333333335,2.8501572,3.5979733000000005,2.047522,3.9208610000000004,10.3398,5.8678083333333335,2.8501572,0.5,0.3,0.2,0,0,0,0
727,5600_to_5699,5649.5,10,10,1,1,0.3328398,0.3328398,0.272275,0.833709,0.42878662222222225,0.42878662222222225,0.3328398,0.3328398,0.272275,0.833709,0.42878662222222225,0.42878662222222225,1,0,0,0,0,0,0
911,5600_to_5699,5649.5,10,10,1,1,2.9143052999999997,2.9143052999999997,2.116789,7.178784,3.7421034444444445,3.7421034444444445,2.9143052999999997,2.9143052999999997,2.116789,7.178784,3.7421034444444445,3.7421034444444445,1,0,0,0,0,0,0
94,5600_to_5699,5649.5,10,10,1,4,1.4130994000000001,1.4130994000000001,1.011571,2.795482,1.8281298666666665,1.8281298666666665,1.4130994000000001,1.4130994000000001,1.011571,2.795482,1.8281298666666665,1.8281298666666665,1,0,0,0,0,0,0
949,5600_to_5699,5649.5,10,10,3,3,8.646025700000001,5.527487833333333,8.545096000000001,22.188737999999997,12.472262244444444,9.842532733333334,8.646025700000001,5.527487833333333,8.545096000000001,22.188737999999997,12.472262244444444,9.842532733333334,0.6,0.3,0.1,0,0,0,0
105,5700_to_5799,5749.5,10,10,2,2,5.185355200000001,2.18393475,7.250649000000001,10.855739000000002,4.8260125333333335,2.1779187857142857,5.185355200000001,2.18393475,7.250649000000001,10.855739000000002,4.8260125333333335,2.1779187857142857,0.8,0.2,0,0,0,0,0
106,5700_to_5799,5749.5,10,10,2,9,1.0232071,0.354621,1.30264,2.211079,1.167743888888889,0.2614981333333333,1.0232071,0.354621,1.30264,2.211079,1.167743888888889,0.2614981333333333,0.6,0.4,0,0,0,0,0
237,5700_to_5799,5749.5,10,10,1,4,0.9673850999999999,0.9673850999999999,1.354496,3.769281,1.5086248222222223,1.5086248222222223,0.9673850999999999,0.9673850999999999,1.354496,3.769281,1.5086248222222223,1.5086248222222223,1,0,0,0,0,0,0
70,5700_to_5799,5749.5,10,10,2,4,4.6020061000000005,3.037529333333333,4.872040999999999,11.381513,6.308778733333333,4.176006,4.6020061000000005,3.037529333333333,4.872040999999999,11.381513,6.308778733333333,4.176006,0.6,0.4,0,0,0,0,0
724,5700_to_5799,5749.5,10,10,2,2,3.3083552000000003,3.1022763749999998,3.487457,11.356591,5.463927911111111,4.947063321428572,3.3083552000000003,3.1022763749999998,3.487457,11.356591,5.463927911111111,4.947063321428572,0.8,0.2,0,0,0,0,0
727,5700_to_5799,5749.5,10,10,1,1,0.43360259999999995,0.43360259999999995,0.344784,1.108428,0.4818780888888889,0.4818780888888889,0.43360259999999995,0.43360259999999995,0.344784,1.108428,0.4818780888888889,0.4818780888888889,1,0,0,0,0,0,0
911,5700_to_5799,5749.5,10,10,1,2,2.5966587,2.5966587,3.144482,6.36105,3.915476733333333,3.915476733333333,2.5966587,2.5966587,3.144482,6.36105,3.915476733333333,3.915476733333333,1,0,0,0,0,0,0
94,5700_to_5799,5749.5,10,10,2,4,1.9253692999999994,1.9227682222222218,1.416038,4.724030000000001,2.7143076666666666,2.4841912777777777,1.9253692999999994,1.9227682222222218,1.416038,4.724030000000001,2.7143076666666666,2.4841912777777777,0.9,0.1,0,0,0,0,0
949,5700_to_5799,5749.5,10,10,1,1,9.432501,9.432501,10.251332,20.565459,14.121333244444445,14.121333244444445,9.432501,9.432501,10.251332,20.565459,14.121333244444445,14.121333244444445,1,0,0,0,0,0,0
105,5800_to_5899,5849.5,10,10,2,3,1.2898407,1.10773175,1.536533,2.7397989999999997,1.4655441111111112,0.9815341428571428,1.2898407,1.10773175,1.536533,2.7397989999999997,1.4655441111111112,0.9815341428571428,0.8,0.2,0,0,0,0,0
106,5800_to_5899,5849.5,10,10,2,7,0.5267461000000001,0.090001,0.874796,1.380054,0.7022388222222222,0.14033546666666666,0.5267461000000001,0.090001,0.874796,1.380054,0.7022388222222222,0.14033546666666666,0.6,0.4,0,0,0,0,0
237,5800_to_5899,5849.5,10,10,1,2,0.7608499,0.7608499,0.728158,2.141223,0.9256235333333334,0.9256235333333334,0.7608499,0.7608499,0.728158,2.141223,0.9256235333333334,0.9256235333333334,1,0,0,0,0,0,0
70,5800_to_5899,5849.5,10,10,5,7,3.389138,0.6775475,3.08988,8.423486,4.481660222222222,0.7685076666666666,3.389138,0.6775475,3.08988,8.423486,4.481660222222222,0.7685076666666666,0.4,0.3,0.1,0.1,0.1,0,0
724,5800_to_5899,5849.5,10,10,2,8,1.5716237000000002,1.1738898571428573,1.39646,5.014164,2.6567509555555557,1.7124602857142857,1.5716237000000002,1.1738898571428573,1.39646,5.014164,2.6567509555555557,1.7124602857142857,0.7,0.3,0,0,0,0,0
727,5800_to_5899,5849.5,10,10,1,4,0.22197439999999996,0.22197439999999996,0.29377,0.791958,0.34611933333333333,0.34611933333333333,0.22197439999999996,0.22197439999999996,0.29377,0.791958,0.34611933333333333,0.34611933333333333,1,0,0,0,0,0,0
911,5800_to_5899,5849.5,10,10,1,1,1.3512902,1.3512902,2.244087,5.9051089999999995,2.3992945777777774,2.3992945777777774,1.3512902,1.3512902,2.244087,5.9051089999999995,2.3992945777777774,2.3992945777777774,1,0,0,0,0,0,0
94,5800_to_5899,5849.5,10,10,1,3,0.7491701999999998,0.7491701999999998,0.757326,2.050011,1.161379688888889,1.161379688888889,0.7491701999999998,0.7491701999999998,0.757326,2.050011,1.161379688888889,1.161379688888889,1,0,0,0,0,0,0
949,5800_to_5899,5849.5,10,10,6,7,4.9777138999999995,0.8053879999999999,5.111702,14.264173999999999,8.8113370888888891,1.0997193333333333,4.9777138999999995,0.8053879999999999,5.111702,14.264173999999999,8.8113370888888891,1.0997193333333333,0.3,0.3,0.1,0.1,0.1,0.1,0
105,5900_to_5999,5949.5,10,10,2,2,1.3835199999999999,1.0657149999999997,2.533162,4.471449000000001,2.0678327555555556,1.1886461428571429,1.3835199999999999,1.0657149999999997,2.533162,4.471449000000001,2.0678327555555556,1.1886461428571429,0.8,0.2,0,0,0,0,0
106,5900_to_5999,5949.5,10,10,1,7,0.5340775,0.5340775,0.700826,1.2724939999999998,0.6585724666666666,0.6585724666666666,0.5340775,0.5340775,0.700826,1.2724939999999998,0.6585724666666666,0.6585724666666666,1,0,0,0,0,0,0
237,5900_to_5999,5949.5,10,10,1,4,0.5744780999999999,0.5744780999999999,0.770103,2.113036,0.9344451333333333,0.9344451333333333,0.5744780999999999,0.5744780999999999,0.770103,2.113036,0.9344451333333333,0.9344451333333333,1,0,0,0,0,0,0
70,5900_to_5999,5949.5,10,10,3,5,6.705873599999999,4.1060099999999995,6.162205000000001,14.70118,7.6017188000000004,4.2042968,6.705873599999999,4.1060099999999995,6.162205000000001,14.70118,7.6017188000000004,4.2042968,0.5,0.4,0.1,0,0,0,0
724,5900_to_5999,5949.5,10,10,3,5,2.3423538,1.6280752,2.638513,8.235487000000001,3.901484755555556,2.1001526,2.3423538,1.6280752,2.638513,8.235487000000001,3.901484755555556,2.1001526,0.5,0.4,0.1,0,0,0,0
727,5900_to_5999,5949.5,10,10,1,6,0.2621226,0.2621226,0.231013,0.7887430000000001,0.3616416,0.3616416,0.2621226,0.2621226,0.231013,0.7887430000000001,0.3616416,0.3616416,1,0,0,0,0,0,0
911,5900_to_5999,5949.5,10,10,1,2,2.0180415999999997,2.0180415999999997,2.34641,5.156089,3.448748711111111,3.448748711111111,2.0180415999999997,2.0180415999999997,2.34641,5.156089,3.448748711111111,3.448748711111111,1,0,0,0,0,0,0
94,5900_to_5999,5949.5,10,10,3,3,1.4914704,0.6667893333333333,1.2197719999999999,3.488294999999999,1.9997091555555555,0.8027086666666667,1.4914704,0.6667893333333333,1.2197719999999999,3.488294999999999,1.9997091555555555,0.8027086666666667,0.6,0.3,0.1,0,0,0,0
949,5900_to_5999,5949.5,10,10,5,6,7.391594700000001,0.6274479999999999,8.644224,21.54556,11.803142377777778,1.2548953333333333,7.391594700000001,0.6274479999999999,8.644224,21.54556,11.803142377777778,1.2548953333333333,0.3,0.3,0.2,0.1,0.1,0,0
105,6000_to_6099,6049.5,10,10,2,2,3.5912527000000005,1.176136125,4.927944,8.046330000000001,3.5213341111111114,2.0313239642857144,3.5912527000000005,1.176136125,4.927944,8.046330000000001,3.5213341111111114,2.0313239642857144,0.8,0.2,0,0,0,0,0
106,6000_to_6099,6049.5,10,10,1,7,1.680171,1.680171,2.455766,3.4961830000000003,1.8147098666666668,1.8147098666666668,1.680171,1.680171,2.455766,3.4961830000000003,1.8147098666666668,1.8147098666666668,1,0,0,0,0,0,0
237,6000_to_6099,6049.5,10,10,1,4,0.9423017,0.9423017,0.886132,2.5808530000000003,1.3396037555555556,1.3396037555555556,0.9423017,0.9423017,0.886132,2.5808530000000003,1.3396037555555556,1.3396037555555556,1,0,0,0,0,0,0
70,6000_to_6099,6049.5,10,10,3,8,4.2749481000000005,1.8693221666666666,9.938406,18.648007,7.218061044444444,3.2340733999999998,4.2749481000000005,1.8693221666666666,9.938406,18.648007,7.218061044444444,3.2340733999999998,0.6,0.3,0.1,0,0,0,0
724,6000_to_6099,6049.5,10,10,3,6,5.902453000000001,3.745513399999999,5.244784,18.910224,8.572441644444444,3.9718764,5.902453000000001,3.745513399999999,5.244784,18.910224,8.572441644444444,3.9718764,0.5,0.3,0.2,0,0,0,0
727,6000_to_6099,6049.5,10,10,1,8,0.39377169999999995,0.39377169999999995,0.38386,0.949839,0.5236501555555555,0.5236501555555555,0.39377169999999995,0.39377169999999995,0.38386,0.949839,0.5236501555555555,0.5236501555555555,1,0,0,0,0,0,0
911,6000_to_6099,6049.5,10,10,1,1,2.9303754,2.9303754,3.200117,8.626091,4.645619244444444,4.645619244444444,2.9303754,2.9303754,3.200117,8.626091,4.645619244444444,4.645619244444444,1,0,0,0,0,0,0
94,6000_to_6099,6049.5,10,10,2,3,1.8255855,1.56456525,2.932681,5.737465,2.861055,2.158953714285714,1.8255855,1.56456525,2.932681,5.737465,2.861055,2.158953714285714,0.8,0.2,0,0,0,0,0
949,6000_to_6099,6049.5,10,10,2,3,10.525100499999997,6.252017222222222,23.636809999999993,33.87367199999999,14.661084288888887,10.854148555555556,10.525100499999997,6.252017222222222,23.636809999999993,33.87367199999999,14.661084288888887,10.854148555555556,0.9,0.1,0,0,0,0,0
105,6100_to_6199,6149.5,10,10,1,2,1.3761146999999998,1.3761146999999998,1.749154,3.7472269999999996,1.845280022222222,1.845280022222222,1.3761146999999998,1.3761146999999998,1.749154,3.7472269999999996,1.845280022222222,1.845280022222222,1,0,0,0,0,0,0
106,6100_to_6199,6149.5,10,10,2,2,0.7714414,0.17608533333333334,1.087244,1.594366,0.8914445777777777,0.17934453333333333,0.7714414,0.17608533333333334,1.087244,1.594366,0.8914445777777777,0.17934453333333333,0.6,0.4,0,0,0,0,0
237,6100_to_6199,6149.5,10,10,1,1,0.7655338,0.7655338,0.827571,2.158371,1.0271730222222222,1.0271730222222222,0.7655338,0.7655338,0.827571,2.158371,1.0271730222222222,1.0271730222222222,1,0,0,0,0,0,0
70,6100_to_6199,6149.5,10,10,2,5,3.0901115,2.855117111111111,3.7279489999999997,9.148275,4.927766955555556,4.513942166666666,3.0901115,2.855117111111111,3.7279489999999997,9.148275,4.927766955555556,4.513942166666666,0.9,0.1,0,0,0,0,0
724,6100_to_6199,6149.5,10,10,1,4,2.0791301000000004,2.0791301000000004,2.331042,6.531621,3.6065905555555555,3.6065905555555555,2.0791301000000004,2.0791301000000004,2.331042,6.531621,3.6065905555555555,3.6065905555555555,1,0,0,0,0,0,0
727,6100_to_6199,6149.5,10,10,1,7,0.22377560000000002,0.22377560000000002,0.193456,0.6951579999999999,0.3767524888888889,0.3767524888888889,0.22377560000000002,0.22377560000000002,0.193456,0.6951579999999999,0.3767524888888889,0.3767524888888889,1,0,0,0,0,0,0
911,6100_to_6199,6149.5,10,10,1,1,2.2722704,2.2722704,1.646175,4.45898,2.880437288888889,2.880437288888889,2.2722704,2.2722704,1.646175,4.45898,2.880437288888889,2.880437288888889,1,0,0,0,0,0,0
94,6100_to_6199,6149.5,10,10,1,3,1.0491501,1.0491501,1.171158,3.20033,1.5481626888888889,1.5481626888888889,1.0491501,1.0491501,1.171158,3.20033,1.5481626888888889,1.5481626888888889,1,0,0,0,0,0,0
949,6100_to_6199,6149.5,10,10,4,4,6.551474799999999,3.8894438,9.674359,17.934515,9.87959,7.1883242,6.551474799999999,3.8894438,9.674359,17.934515,9.87959,7.1883242,0.5,0.3,0.1,0.1,0,0,0
105,6200_to_6299,6249.5,10,10,1,2,2.5991276999999995,2.5991276999999995,2.7647459999999997,7.354169,2.9375459777777775,2.9375459777777775,2.5991276999999995,2.5991276999999995,2.7647459999999997,7.354169,2.9375459777777775,2.9375459777777775,1,0,0,0,0,0,0
106,6200_to_6299,6249.5,10,10,2,2,1.3624551,0.09321049999999999,2.360035,3.036913,1.6427061111111112,0.1561038,1.3624551,0.09321049999999999,2.360035,3.036913,1.6427061111111112,0.1561038,0.6,0.4,0,0,0,0,0
237,6200_to_6299,6249.5,10,10,1,1,0.846182,0.846182,1.196968,2.523459,1.1771628444444444,1.1771628444444444,0.846182,0.846182,1.196968,2.523459,1.1771628444444444,1.1771628444444444,1,0,0,0,0,0,0
70,6200_to_6299,6249.5,10,10,1,4,3.288737,3.288737,2.490218,8.404247,4.960817733333333,4.960817733333333,3.288737,3.288737,2.490218,8.404247,4.960817733333333,4.960817733333333,1,0,0,0,0,0,0
724,6200_to_6299,6249.5,10,10,1,1,3.1297962999999998,3.1297962999999998,2.923441,10.524393,4.9089938,4.9089938,3.1297962999999998,3.1297962999999998,2.923441,10.524393,4.9089938,4.9089938,1,0,0,0,0,0,0
727,6200_to_6299,6249.5,10,10,1,1,0.20854499999999998,0.20854499999999998,0.194533,0.6751320000000001,0.31582933333333335,0.31582933333333335,0.20854499999999998,0.20854499999999998,0.194533,0.6751320000000001,0.31582933333333335,0.31582933333333335,1,0,0,0,0,0,0
911,6200_to_6299,6249.5,10,10,1,4,1.6706124,1.6706124,2.1555180000000003,4.979887000000001,2.8193428,2.8193428,1.6706124,1.6706124,2.1555180000000003,4.979887000000001,2.8193428,2.8193428,1,0,0,0,0,0,0
94,6200_to_6299,6249.5,10,10,1,4,1.8662136999999999,1.8662136999999999,1.142588,3.437379,1.7263368666666667,1.7263368666666667,1.8662136999999999,1.8662136999999999,1.142588,3.437379,1.7263368666666667,1.7263368666666667,1,0,0,0,0,0,0
949,6200_to_6299,6249.5,10,10,2,2,11.6173159,7.829651428571429,14.083302999999997,29.292498,16.56347611111111,12.392093047619047,11.6173159,7.829651428571429,14.083302999999997,29.292498,16.56347611111111,12.392093047619047,0.7,0.3,0,0,0,0,0
105,6300_to_6399,6349.5,10,10,2,6,2.4278731000000002,0.915721625,4.752983,7.036481,2.761074288888889,1.0818991071428572,2.4278731000000002,0.915721625,4.752983,7.036481,2.761074288888889,1.0818991071428572,0.8,0.2,0,0,0,0,0
106,6300_to_6399,6349.5,10,10,2,5,0.6865895,0.10637283333333332,0.9577570000000001,1.7178510000000002,0.8553663333333335,0.17546806666666664,0.6865895,0.10637283333333332,0.9577570000000001,1.7178510000000002,0.8553663333333335,0.17546806666666664,0.6,0.4,0,0,0,0,0
237,6300_to_6399,6349.5,10,10,1,5,0.7116912999999999,0.7116912999999999,0.888965,2.281257,0.9584786888888889,0.9584786888888889,0.7116912999999999,0.7116912999999999,0.888965,2.281257,0.9584786888888889,0.9584786888888889,1,0,0,0,0,0,0
70,6300_to_6399,6349.5,10,10,2,5,4.7711441,4.603154166666667,3.779494,10.384206,5.112318866666667,5.641120333333333,4.7711441,4.603154166666667,3.779494,10.384206,5.112318866666667,5.641120333333333,0.6,0.4,0,0,0,0,0
724,6300_to_6399,6349.5,10,10,1,4,2.9825240999999996,2.9825240999999996,2.453084,9.125676,4.6816734,4.6816734,2.9825240999999996,2.9825240999999996,2.453084,9.125676,4.6816734,4.6816734,1,0,0,0,0,0,0
727,6300_to_6399,6349.5,10,10,2,6,0.30608890000000005,0.3207955555555555,0.33267899999999995,0.968093,0.41654006666666665,0.43564994444444444,0.30608890000000005,0.3207955555555555,0.33267899999999995,0.968093,0.41654006666666665,0.43564994444444444,0.9,0.1,0,0,0,0,0
911,6300_to_6399,6349.5,10,10,2,4,1.935303,1.705829888888889,4.000553,7.497813,3.3124606222222224,2.7139800555555555,1.935303,1.705829888888889,4.000553,7.497813,3.3124606222222224,2.7139800555555555,0.9,0.1,0,0,0,0,0
94,6300_to_6399,6349.5,10,10,2,4,1.8203821999999998,0.6482558333333334,1.429434,4.461355,2.1743716444444443,0.7530078,1.8203821999999998,0.6482558333333334,1.429434,4.461355,2.1743716444444443,0.7530078,0.6,0.4,0,0,0,0,0
949,6300_to_6399,6349.5,10,10,1,1,8.310762700000002,8.310762700000002,5.945258,23.970639000000002,12.999526822222222,12.999526822222222,8.310762700000002,8.310762700000002,5.945258,23.970639000000002,12.999526822222222,12.999526822222222,1,0,0,0,0,0,0
105,6400_to_6499,6449.5,10,10,2,2,2.6687108999999998,1.8708981249999999,3.632907,6.779600999999999,3.317068511111111,2.094928107142857,2.6687108999999998,1.8708981249999999,3.632907,6.779600999999999,3.317068511111111,2.094928107142857,0.8,0.2,0,0,0,0,0
106,6400_to_6499,6449.5,10,10,2,2,1.1408749999999999,0.2796785,1.7052559999999999,2.5110749999999995,1.2904188444444442,0.18872753333333334,1.1408749999999999,0.2796785,1.7052559999999999,2.5110749999999995,1.2904188444444442,0.18872753333333334,0.6,0.4,0,0,0,0,0
237,6400_to_6499,6449.5,10,10,1,1,1.0286983,1.0286983,0.90524,2.972203,1.3164507333333333,1.3164507333333333,1.0286983,1.0286983,0.90524,2.972203,1.3164507333333333,1.3164507333333333,1,0,0,0,0,0,0
70,6400_to_6499,6449.5,10,10,3,4,2.9996109,1.8242919999999998,3.989522,8.410269,4.375797888888889,1.8522446,2.9996109,1.8242919999999998,3.989522,8.410269,4.375797888888889,1.8522446,0.5,0.3,0.2,0,0,0,0
724,6400_to_6499,6449.5,10,10,1,4,2.8351613,2.8351613,2.692703,8.688003,4.508522866666667,4.508522866666667,2.8351613,2.8351613,2.692703,8.688003,4.508522866666667,4.508522866666667,1,0,0,0,0,0,0
727,6400_to_6499,6449.5,10,10,1,3,0.3507453,0.3507453,0.192856,0.822287,0.4280497111111111,0.4280497111111111,0.3507453,0.3507453,0.192856,0.822287,0.4280497111111111,0.4280497111111111,1,0,0,0,0,0,0
911,6400_to_6499,6449.5,10,10,1,1,1.6652813000000002,1.6652813000000002,2.687091,4.959325,2.7222713555555553,2.7222713555555553,1.6652813000000002,1.6652813000000002,2.687091,4.959325,2.7222713555555553,2.7222713555555553,1,0,0,0,0,0,0
94,6400_to_6499,6449.5,10,10,1,3,1.157425,1.157425,1.843608,3.7484500000000005,1.8147690666666667,1.8147690666666667,1.157425,1.157425,1.843608,3.7484500000000005,1.8147690666666667,1.8147690666666667,1,0,0,0,0,0,0
949,6400_to_6499,6449.5,10,10,1,1,5.9787286,5.9787286,6.553412,18.413943,9.964545644444444,9.964545644444444,5.9787286,5.9787286,6.553412,18.413943,9.964545644444444,9.964545644444444,1,0,0,0,0,0,0
105,6500_to_6599,6549.5,10,10,1,2,1.5909383000000001,1.5909383000000001,2.4869269999999997,4.170179,1.9829809555555555,1.9829809555555555,1.5909383000000001,1.5909383000000001,2.4869269999999997,4.170179,1.9829809555555555,1.9829809555555555,1,0,0,0,0,0,0
106,6500_to_6599,6549.5,10,10,2,2,1.6983620000000001,0.07856,3.450621,4.060848,2.130606044444445,0.12879693333333334,1.6983620000000001,0.07856,3.450621,4.060848,2.130606044444445,0.12879693333333334,0.6,0.4,0,0,0,0,0
237,6500_to_6599,6549.5,10,10,1,1,1.1967079999999999,1.1967079999999999,0.707066,2.084397,1.2674712888888888,1.2674712888888888,1.1967079999999999,1.1967079999999999,0.707066,2.084397,1.2674712888888888,1.2674712888888888,1,0,0,0,0,0,0
70,6500_to_6599,6549.5,10,10,1,3,2.3729374,2.3729374,2.582627,6.4206710000000005,3.7572958666666665,3.7572958666666665,2.3729374,2.3729374,2.582627,6.4206710000000005,3.7572958666666665,3.7572958666666665,1,0,0,0,0,0,0
724,6500_to_6599,6549.5,10,10,1,3,2.9134203000000003,2.9134203000000003,3.050624,8.225061,4.474882466666666,4.474882466666666,2.9134203000000003,2.9134203000000003,3.050624,8.225061,4.474882466666666,4.474882466666666,1,0,0,0,0,0,0
727,6500_to_6599,6549.5,10,10,1,1,0.3505408,0.3505408,0.304306,0.9210690000000001,0.4579845333333334,0.4579845333333334,0.3505408,0.3505408,0.304306,0.9210690000000001,0.4579845333333334,0.4579845333333334,1,0,0,0,0,0,0
911,6500_to_6599,6549.5,10,10,1,4,2.2331309,2.2331309,1.697309,3.5615319999999997,2.3364300222222223,2.3364300222222223,2.2331309,2.2331309,1.697309,3.5615319999999997,2.3364300222222223,2.3364300222222223,1,0,0,0,0,0,0
94,6500_to_6599,6549.5,10,10,1,3,1.1115204000000003,1.1115204000000003,1.437857,2.958158,1.6726328444444445,1.6726328444444445,1.1115204000000003,1.1115204000000003,1.437857,2.958158,1.6726328444444445,1.6726328444444445,1,0,0,0,0,0,0
949,6500_to_6599,6549.5,10,10,1,1,7.789262899999999,7.789262899999999,7.892324,21.96994,12.695309088888889,12.695309088888889,7.789262899999999,7.789262899999999,7.892324,21.96994,12.695309088888889,12.695309088888889,1,0,0,0,0,0,0
105,6600_to_6699,6649.5,10,10,1,2,1.9580609,1.9580609,2.3911059999999997,4.903535,2.6840753555555557,2.6840753555555557,1.9580609,1.9580609,2.3911059999999997,4.903535,2.6840753555555557,2.6840753555555557,1,0,0,0,0,0,0
106,6600_to_6699,6649.5,10,10,2,2,1.0984669999999999,0.156794,1.9558,2.603627,1.4016064444444445,0.13730733333333334,1.0984669999999999,0.156794,1.9558,2.603627,1.4016064444444445,0.13730733333333334,0.6,0.4,0,0,0,0,0
237,6600_to_6699,6649.5,10,10,1,1,1.1388449999999999,1.1388449999999999,0.815719,2.3357049999999995,1.3064954666666666,1.3064954666666666,1.1388449999999999,1.1388449999999999,0.815719,2.3357049999999995,1.3064954666666666,1.3064954666666666,1,0,0,0,0,0,0
70,6600_to_6699,6649.5,10,10,2,4,5.9104312000000006,5.253228333333333,5.965135,14.801315000000002,7.765321377777778,5.841593733333333,5.9104312000000006,5.253228333333333,5.965135,14.801315000000002,7.765321377777778,5.841593733333333,0.6,0.4,0,0,0,0,0
724,6600_to_6699,6649.5,10,10,1,6,2.8604058,2.8604058,3.1878080000000004,5.8742980000000005,3.4594444,3.4594444,2.8604058,2.8604058,3.1878080000000004,5.8742980000000005,3.4594444,3.4594444,1,0,0,0,0,0,0
727,6600_to_6699,6649.5,10,10,1,1,0.4443437,0.4443437,0.341273,0.9378449999999999,0.460733,0.460733,0.4443437,0.4443437,0.341273,0.9378449999999999,0.460733,0.460733,1,0,0,0,0,0,0
911,6600_to_6699,6649.5,10,10,1,4,2.6061561,2.6061561,1.730554,4.656402,2.9371998,2.9371998,2.6061561,2.6061561,1.730554,4.656402,2.9371998,2.9371998,1,0,0,0,0,0,0
94,6600_to_6699,6649.5,10,10,1,3,1.1435492999999999,1.1435492999999999,1.706279,3.882555,1.7325119777777778,1.7325119777777778,1.1435492999999999,1.1435492999999999,1.706279,3.882555,1.7325119777777778,1.7325119777777778,1,0,0,0,0,0,0
949,6600_to_6699,6649.5,10,10,1,1,7.640825699999999,7.640825699999999,9.535273,23.645826999999997,13.589683355555556,13.589683355555556,7.640825699999999,7.640825699999999,9.535273,23.645826999999997,13.589683355555556,13.589683355555556,1,0,0,0,0,0,0
105,6700_to_6799,6749.5,10,10,2,3,0.8513486,0.677777125,1.340168,2.294969,1.2681685777777778,0.86467025,0.8513486,0.677777125,1.340168,2.294969,1.2681685777777778,0.86467025,0.8,0.2,0,0,0,0,0
106,6700_to_6799,6749.5,10,10,2,2,0.4693259,0.09092766666666667,0.792047,1.267732,0.6466905555555555,0.12037226666666667,0.4693259,0.09092766666666667,0.792047,1.267732,0.6466905555555555,0.12037226666666667,0.6,0.4,0,0,0,0,0
237,6700_to_6799,6749.5,10,10,1,4,0.5106892000000001,0.5106892000000001,0.589268,1.847661,0.7744388888888889,0.7744388888888889,0.5106892000000001,0.5106892000000001,0.589268,1.847661,0.7744388888888889,0.7744388888888889,1,0,0,0,0,0,0
70,6700_to_6799,6749.5,10,10,2,6,2.0536825,1.76824325,1.772903,7.078918999999999,3.057287088888889,2.5317935714285715,2.0536825,1.76824325,1.772903,7.078918999999999,3.057287088888889,2.5317935714285715,0.8,0.2,0,0,0,0,0
724,6700_to_6799,6749.5,10,10,1,3,1.2670336,1.2670336,0.817796,3.1222309999999998,2.089093777777778,2.089093777777778,1.2670336,1.2670336,0.817796,3.1222309999999998,2.089093777777778,2.089093777777778,1,0,0,0,0,0,0
727,6700_to_6799,6749.5,10,10,1,2,0.22641930000000002,0.22641930000000002,0.24018,0.6693400000000002,0.3071186,0.3071186,0.22641930000000002,0.22641930000000002,0.24018,0.6693400000000002,0.3071186,0.3071186,1,0,0,0,0,0,0
911,6700_to_6799,6749.5,10,10,2,6,1.1409576000000001,1.184476,1.832515,4.872954,2.027947333333333,1.9824305714285715,1.1409576000000001,1.184476,1.832515,4.872954,2.027947333333333,1.9824305714285715,0.8,0.2,0,0,0,0,0
94,6700_to_6799,6749.5,10,10,1,3,1.0418413,1.0418413,0.838028,2.268266,1.2923111777777778,1.2923111777777778,1.0418413,1.0418413,0.838028,2.268266,1.2923111777777778,1.2923111777777778,1,0,0,0,0,0,0
949,6700_to_6799,6749.5,10,10,4,4,4.8735043,3.1207228,4.821698,11.428211,8.089753488888888,5.6246374,4.8735043,3.1207228,4.821698,11.428211,8.089753488888888,5.6246374,0.5,0.3,0.1,0.1,0,0,0
105,6800_to_6899,6849.5,10,10,1,2,1.6983525,1.6983525,1.390493,3.624813,1.9845940666666666,1.9845940666666666,1.6983525,1.6983525,1.390493,3.624813,1.9845940666666666,1.9845940666666666,1,0,0,0,0,0,0
106,6800_to_6899,6849.5,10,10,2,2,1.3751871,0.20340916666666664,2.7363239999999998,3.3205390000000006,1.762357177777778,0.1644494,1.3751871,0.20340916666666664,2.7363239999999998,3.3205390000000006,1.762357177777778,0.1644494,0.6,0.4,0,0,0,0,0
237,6800_to_6899,6849.5,10,10,1,3,1.0367178,1.0367178,1.038998,1.9739300000000002,1.1626821333333335,1.1626821333333335,1.0367178,1.0367178,1.038998,1.9739300000000002,1.1626821333333335,1.1626821333333335,1,0,0,0,0,0,0
70,6800_to_6899,6849.5,10,10,4,7,4.4085212,0.53383875,4.553058999999999,14.261556,6.428061733333333,0.9610291666666667,4.4085212,0.53383875,4.553058999999999,14.261556,6.428061733333333,0.9610291666666667,0.4,0.3,0.2,0.1,0,0,0
724,6800_to_6899,6849.5,10,10,3,5,2.3362255999999997,1.1417644,3.612034,7.855116000000001,3.8335259555555554,1.6571714,2.3362255999999997,1.1417644,3.612034,7.855116000000001,3.8335259555555554,1.6571714,0.5,0.3,0.2,0,0,0,0
727,6800_to_6899,6849.5,10,10,1,7,0.4112139,0.4112139,0.420877,1.016365,0.4832580222222222,0.4832580222222222,0.4112139,0.4112139,0.420877,1.016365,0.4832580222222222,0.4832580222222222,1,0,0,0,0,0,0
911,6800_to_6899,6849.5,10,10,1,4,1.7506315999999997,1.7506315999999997,1.606922,4.026712,2.308987288888889,2.308987288888889,1.7506315999999997,1.7506315999999997,1.606922,4.026712,2.308987288888889,2.308987288888889,1,0,0,0,0,0,0
94,6800_to_6899,6849.5,10,10,1,3,1.0978933999999998,1.0978933999999998,0.701569,2.370102,1.3359270222222221,1.3359270222222221,1.0978933999999998,1.0978933999999998,0.701569,2.370102,1.3359270222222221,1.3359270222222221,1,0,0,0,0,0,0
949,6800_to_6899,6849.5,10,10,2,3,7.5292,3.7484846666666667,7.074336,18.894903,10.7153228,7.008309866666667,7.5292,3.7484846666666667,7.074336,18.894903,10.7153228,7.008309866666667,0.6,0.4,0,0,0,0,0
105,6900_to_6999,6949.5,10,10,1,1,2.0222671,2.0222671,2.3128029999999997,5.235882,2.3226366,2.3226366,2.0222671,2.0222671,2.3128029999999997,5.235882,2.3226366,2.3226366,1,0,0,0,0,0,0
106,6900_to_6999,6949.5,10,10,2,2,1.0114014,0.17731533333333335,1.9348609999999997,2.6019069999999997,1.3732461333333332,0.14223253333333333,1.0114014,0.17731533333333335,1.9348609999999997,2.6019069999999997,1.3732461333333332,0.14223253333333333,0.6,0.4,0,0,0,0,0
237,6900_to_6999,6949.5,10,10,1,1,0.833038,0.833038,0.8128719999999999,2.01484,1.1586989333333333,1.1586989333333333,0.833038,0.833038,0.8128719999999999,2.01484,1.1586989333333333,1.1586989333333333,1,0,0,0,0,0,0
70,6900_to_6999,6949.5,10,10,4,6,4.9593793999999995,1.4423372000000003,7.593126999999999,16.67481,6.7354372,2.4818374000000003,4.9593793999999995,1.4423372000000003,7.593126999999999,16.67481,6.7354372,2.4818374000000003,0.5,0.3,0.1,0.1,0,0,0
724,6900_to_6999,6949.5,10,10,1,4,3.433681,3.433681,2.440397,6.746646999999999,4.304643511111111,4.304643511111111,3.433681,3.433681,2.440397,6.746646999999999,4.304643511111111,4.304643511111111,1,0,0,0,0,0,0
727,6900_to_6999,6949.5,10,10,1,9,0.3884187,0.3884187,0.309083,0.775486,0.42285277777777774,0.42285277777777774,0.3884187,0.3884187,0.309083,0.775486,0.42285277777777774,0.42285277777777774,1,0,0,0,0,0,0
911,6900_to_6999,6949.5,10,10,1,3,2.2117022,2.2117022,2.635512,6.309418,3.068997288888889,3.068997288888889,2.2117022,2.2117022,2.635512,6.309418,3.068997288888889,3.068997288888889,1,0,0,0,0,0,0
94,6900_to_6999,6949.5,10,10,1,3,1.37485,1.37485,1.203895,3.289014,1.9571268444444445,1.9571268444444445,1.37485,1.37485,1.203895,3.289014,1.9571268444444445,1.9571268444444445,1,0,0,0,0,0,0
949,6900_to_6999,6949.5,10,10,1,1,10.9079734,10.9079734,12.972597,33.021058000000004,18.12859866666667,18.12859866666667,10.9079734,10.9079734,12.972597,33.021058000000004,18.12859866666667,18.12859866666667,1,0,0,0,0,0,0
105,7000_to_7099,7049.5,10,10,2,2,2.6907843,0.962784125,4.135986,6.099278999999999,2.8115084222222224,1.5120301785714285,2.6907843,0.962784125,4.135986,6.099278999999999,2.8115084222222224,1.5120301785714285,0.8,0.2,0,0,0,0,0
106,7000_to_7099,7049.5,10,10,2,2,0.6630202000000001,0.086028,0.965139,1.595813,0.8171536888888888,0.14655653333333332,0.6630202000000001,0.086028,0.965139,1.595813,0.8171536888888888,0.14655653333333332,0.6,0.4,0,0,0,0,0
237,7000_to_7099,7049.5,10,10,1,4,0.7565797,0.7565797,0.691546,2.181332,1.200026022222222,1.200026022222222,0.7565797,0.7565797,0.691546,2.181332,1.200026022222222,1.200026022222222,1,0,0,0,0,0,0
70,7000_to_7099,7049.5,10,10,2,6,3.3068869,3.5590468888888886,2.593548,10.790854000000001,4.774972066666667,4.819591611111112,3.3068869,3.5590468888888886,2.593548,10.790854000000001,4.774972066666667,4.819591611111112,0.9,0.1,0,0,0,0,0
724,7000_to_7099,7049.5,10,10,1,3,2.9805208,2.9805208,2.34055,7.503769,4.6574028,4.6574028,2.9805208,2.9805208,2.34055,7.503769,4.6574028,4.6574028,1,0,0,0,0,0,0
727,7000_to_7099,7049.5,10,10,1,6,0.20794940000000003,0.20794940000000003,0.178345,0.6098640000000001,0.3090782222222222,0.3090782222222222,0.20794940000000003,0.20794940000000003,0.178345,0.6098640000000001,0.3090782222222222,0.3090782222222222,1,0,0,0,0,0,0
911,7000_to_7099,7049.5,10,10,1,3,1.808643,1.808643,1.515058,4.278727,2.730408977777778,2.730408977777778,1.808643,1.808643,1.515058,4.278727,2.730408977777778,2.730408977777778,1,0,0,0,0,0,0
94,7000_to_7099,7049.5,10,10,1,2,2.0442674,2.0442674,1.570661,3.50692,1.8301452444444444,1.8301452444444444,2.0442674,2.0442674,1.570661,3.50692,1.8301452444444444,1.8301452444444444,1,0,0,0,0,0,0
949,7000_to_7099,7049.5,10,10,4,4,10.480504900000001,5.0537452,12.726414999999996,28.481249999999996,17.074688555555554,8.4199242,10.480504900000001,5.0537452,12.726414999999996,28.481249999999996,17.074688555555554,8.4199242,0.5,0.3,0.1,0.1,0,0,0
105,7100_to_7199,7149.5,10,10,2,2,1.6087526,1.1744805000000003,2.781903,4.747546,2.5720668,1.8031658571428573,1.6087526,1.1744805000000003,2.781903,4.747546,2.5720668,1.8031658571428573,0.8,0.2,0,0,0,0,0
106,7100_to_7199,7149.5,10,10,2,2,0.7531573,0.16522016666666667,1.177823,1.925482,0.9768643333333333,0.22477313333333335,0.7531573,0.16522016666666667,1.177823,1.925482,0.9768643333333333,0.22477313333333335,0.6,0.4,0,0,0,0,0
237,7100_to_7199,7149.5,10,10,1,3,0.8669421999999999,0.8669421999999999,0.793668,1.841791,1.1855401333333333,1.1855401333333333,0.8669421999999999,0.8669421999999999,0.793668,1.841791,1.1855401333333333,1.1855401333333333,1,0,0,0,0,0,0
70,7100_to_7199,7149.5,10,10,1,3,3.0538405000000006,3.0538405000000006,2.517573,7.705451000000001,4.421394822222222,4.421394822222222,3.0538405000000006,3.0538405000000006,2.517573,7.705451000000001,4.421394822222222,4.421394822222222,1,0,0,0,0,0,0
724,7100_to_7199,7149.5,10,10,1,5,2.5828648999999997,2.5828648999999997,2.26059,7.184797,4.186504466666666,4.186504466666666,2.5828648999999997,2.5828648999999997,2.26059,7.184797,4.186504466666666,4.186504466666666,1,0,0,0,0,0,0
727,7100_to_7199,7149.5,10,10,1,8,0.31441519999999995,0.31441519999999995,0.183218,0.624051,0.3544408,0.3544408,0.31441519999999995,0.31441519999999995,0.183218,0.624051,0.3544408,0.3544408,1,0,0,0,0,0,0
911,7100_to_7199,7149.5,10,10,1,4,2.6302522,2.6302522,2.36633,5.523088,3.137165688888889,3.137165688888889,2.6302522,2.6302522,2.36633,5.523088,3.137165688888889,3.137165688888889,1,0,0,0,0,0,0
94,7100_to_7199,7149.5,10,10,1,2,1.3419794,1.3419794,1.024903,3.0351649999999997,1.7915628888888888,1.7915628888888888,1.3419794,1.3419794,1.024903,3.0351649999999997,1.7915628888888888,1.7915628888888888,1,0,0,0,0,0,0
949,7100_to_7199,7149.5,10,10,3,3,7.970572299999999,6.32082975,13.278631999999998,28.115012999999998,13.810921177777777,10.519353857142857,7.970572299999999,6.32082975,13.278631999999998,28.115012999999998,13.810921177777777,10.519353857142857,0.8,0.1,0.1,0,0,0,0
105,7200_to_7299,7249.5,10,10,2,2,1.4595214,0.824792,2.181657,3.7530649999999994,1.8490736888888888,1.1825942857142857,1.4595214,0.824792,2.181657,3.7530649999999994,1.8490736888888888,1.1825942857142857,0.8,0.2,0,0,0,0,0
106,7200_to_7299,7249.5,10,10,2,2,0.6417408,0.0709475,1.091804,1.4848279999999998,0.8091559555555555,0.107005,0.6417408,0.0709475,1.091804,1.4848279999999998,0.8091559555555555,0.107005,0.6,0.4,0,0,0,0,0
237,7200_to_7299,7249.5,10,10,1,3,0.6179939,0.6179939,0.447281,1.609283,0.8656336222222222,0.8656336222222222,0.6179939,0.6179939,0.447281,1.609283,0.8656336222222222,0.8656336222222222,1,0,0,0,0,0,0
70,7200_to_7299,7249.5,10,10,2,5,2.2541838,2.2346078888888887,3.0445020000000005,6.409966,3.4340501333333333,3.1263189444444444,2.2541838,2.2346078888888887,3.0445020000000005,6.409966,3.4340501333333333,3.1263189444444444,0.9,0.1,0,0,0,0,0
724,7200_to_7299,7249.5,10,10,2,6,1.9881129999999998,1.7752512857142855,1.376515,5.595814,3.1477735555555553,2.224601238095238,1.9881129999999998,1.7752512857142855,1.376515,5.595814,3.1477735555555553,2.224601238095238,0.7,0.3,0,0,0,0,0
727,7200_to_7299,7249.5,10,10,1,7,0.2104529,0.2104529,0.230157,0.6632589999999999,0.3247497111111111,0.3247497111111111,0.2104529,0.2104529,0.230157,0.6632589999999999,0.3247497111111111,0.3247497111111111,1,0,0,0,0,0,0
911,7200_to_7299,7249.5,10,10,1,1,1.8592123999999999,1.8592123999999999,2.382432,6.374086999999999,2.5350215555555558,2.5350215555555558,1.8592123999999999,1.8592123999999999,2.382432,6.374086999999999,2.5350215555555558,2.5350215555555558,1,0,0,0,0,0,0
94,7200_to_7299,7249.5,10,10,1,2,1.0491113,1.0491113,0.869547,2.9004719999999997,1.4274552222222223,1.4274552222222223,1.0491113,1.0491113,0.869547,2.9004719999999997,1.4274552222222223,1.4274552222222223,1,0,0,0,0,0,0
949,7200_to_7299,7249.5,10,10,7,7,6.1898242,0.6137473333333333,5.301014,15.157150000000001,10.799467777777778,1.227494,6.1898242,0.6137473333333333,5.301014,15.157150000000001,10.799467777777778,1.227494,0.3,0.2,0.1,0.1,0.1,0.1,0.1
105,7300_to_7399,7349.5,10,10,2,4,1.4949006999999999,0.8526686249999998,3.346523,5.600232999999999,2.2028426444444444,1.1174486071428573,1.4949006999999999,0.8526686249999998,3.346523,5.600232999999999,2.2028426444444444,1.1174486071428573,0.8,0.2,0,0,0,0,0
106,7300_to_7399,7349.5,10,10,1,2,0.4854752999999999,0.4854752999999999,0.741149,1.3360599999999998,0.6486317555555555,0.6486317555555555,0.4854752999999999,0.4854752999999999,0.741149,1.3360599999999998,0.6486317555555555,0.6486317555555555,1,0,0,0,0,0,0
237,7300_to_7399,7349.5,10,10,1,5,0.4608955,0.4608955,0.536618,1.499994,0.8144142888888889,0.8144142888888889,0.4608955,0.4608955,0.536618,1.499994,0.8144142888888889,0.8144142888888889,1,0,0,0,0,0,0
70,7300_to_7399,7349.5,10,10,3,8,3.3554021,1.2391461666666668,6.456583999999999,10.961485999999999,4.744499444444444,1.3911778,3.3554021,1.2391461666666668,6.456583999999999,10.961485999999999,4.744499444444444,1.3911778,0.6,0.3,0.1,0,0,0,0
724,7300_to_7399,7349.5,10,10,4,7,2.2326206,1.3459298,2.679664,6.735284,3.8559932,2.0893322,2.2326206,1.3459298,2.679664,6.735284,3.8559932,2.0893322,0.5,0.2,0.2,0.1,0,0,0
727,7300_to_7399,7349.5,10,10,1,6,0.28608859999999997,0.28608859999999997,0.164183,0.512954,0.2926944888888889,0.2926944888888889,0.28608859999999997,0.28608859999999997,0.164183,0.512954,0.2926944888888889,0.2926944888888889,1,0,0,0,0,0,0
911,7300_to_7399,7349.5,10,10,1,2,1.4372866,1.4372866,1.831802,3.591972,1.9848182222222224,1.9848182222222224,1.4372866,1.4372866,1.831802,3.591972,1.9848182222222224,1.9848182222222224,1,0,0,0,0,0,0
94,7300_to_7399,7349.5,10,10,2,2,1.1825779,0.3691301666666666,1.279895,2.8970529999999997,1.688162777777778,0.6590542,1.1825779,0.3691301666666666,1.279895,2.8970529999999997,1.688162777777778,0.6590542,0.6,0.4,0,0,0,0,0
949,7300_to_7399,7349.5,10,10,3,3,5.443863800000001,2.9657311428571425,5.000578,14.374647,7.992803155555555,4.508250952380952,5.443863800000001,2.9657311428571425,5.000578,14.374647,7.992803155555555,4.508250952380952,0.7,0.2,0.1,0,0,0,0
105,7400_to_7499,7449.5,10,10,2,6,3.2687855,2.0651752500000002,5.6007560000000005,8.301081000000002,3.731724288888889,1.9742453571428573,3.2687855,2.0651752500000002,5.6007560000000005,8.301081000000002,3.731724288888889,1.9742453571428573,0.8,0.2,0,0,0,0,0
106,7400_to_7499,7449.5,10,10,2,2,0.847927,0.095408,1.257142,1.9199730000000002,0.9476471111111112,0.12824546666666667,0.847927,0.095408,1.257142,1.9199730000000002,0.9476471111111112,0.12824546666666667,0.6,0.4,0,0,0,0,0
237,7400_to_7499,7449.5,10,10,1,3,0.6914944000000001,0.6914944000000001,1.615085,2.530233,1.0430253777777778,1.0430253777777778,0.6914944000000001,0.6914944000000001,1.615085,2.530233,1.0430253777777778,1.0430253777777778,1,0,0,0,0,0,0
70,7400_to_7499,7449.5,10,10,4,6,5.567638700000001,0.42319525,7.079183,21.819999000000003,8.605758955555556,0.8463891666666667,5.567638700000001,0.42319525,7.079183,21.819999000000003,8.605758955555556,0.8463891666666667,0.4,0.3,0.2,0.1,0,0,0
724,7400_to_7499,7449.5,10,10,2,5,2.2674233999999998,2.359176125,2.975296,8.143639,3.887115911111111,3.7766206785714287,2.2674233999999998,2.359176125,2.975296,8.143639,3.887115911111111,3.7766206785714287,0.8,0.2,0,0,0,0,0
727,7400_to_7499,7449.5,10,10,1,3,0.40856950000000003,0.40856950000000003,0.220212,0.772602,0.3594858888888889,0.3594858888888889,0.40856950000000003,0.40856950000000003,0.220212,0.772602,0.3594858888888889,0.3594858888888889,1,0,0,0,0,0,0
911,7400_to_7499,7449.5,10,10,1,3,2.2154176,2.2154176,2.963837,6.302249000000001,3.3751416,3.3751416,2.2154176,2.2154176,2.963837,6.302249000000001,3.3751416,3.3751416,1,0,0,0,0,0,0
94,7400_to_7499,7449.5,10,10,1,4,1.2486294,1.2486294,1.3656570000000001,3.423643,1.793807288888889,1.793807288888889,1.2486294,1.2486294,1.3656570000000001,3.423643,1.793807288888889,1.793807288888889,1,0,0,0,0,0,0
949,7400_to_7499,7449.5,10,10,1,1,8.1016127,8.1016127,10.009871,25.016059,14.151680777777777,14.151680777777777,8.1016127,8.1016127,10.009871,25.016059,14.151680777777777,14.151680777777777,1,0,0,0,0,0,0
105,7500_to_7599,7549.5,10,10,2,2,2.0359587,0.9767166250000001,3.773213,5.564402,2.6323438,1.4124013928571428,2.0359587,0.9767166250000001,3.773213,5.564402,2.6323438,1.4124013928571428,0.8,0.2,0,0,0,0,0
106,7500_to_7599,7549.5,10,10,2,5,0.9011218,0.13070299999999999,1.394536,1.841221,0.9749186666666666,0.16953253333333332,0.9011218,0.13070299999999999,1.394536,1.841221,0.9749186666666666,0.16953253333333332,0.6,0.4,0,0,0,0,0
237,7500_to_7599,7549.5,10,10,1,4,0.512133,0.512133,0.784912,1.544883,0.8757329333333334,0.8757329333333334,0.512133,0.512133,0.784912,1.544883,0.8757329333333334,0.8757329333333334,1,0,0,0,0,0,0
70,7500_to_7599,7549.5,10,10,2,5,4.137213999999999,3.507496444444444,6.652812,13.252431999999999,5.853569955555555,5.313962333333333,4.137213999999999,3.507496444444444,6.652812,13.252431999999999,5.853569955555555,5.313962333333333,0.9,0.1,0,0,0,0,0
724,7500_to_7599,7549.5,10,10,1,6,2.6116882,2.6116882,2.543828,6.586928,3.6564617333333334,3.6564617333333334,2.6116882,2.6116882,2.543828,6.586928,3.6564617333333334,3.6564617333333334,1,0,0,0,0,0,0
727,7500_to_7599,7549.5,10,10,1,1,0.22146910000000003,0.22146910000000003,0.239951,0.7491859999999999,0.3622133111111111,0.3622133111111111,0.22146910000000003,0.22146910000000003,0.239951,0.7491859999999999,0.3622133111111111,0.3622133111111111,1,0,0,0,0,0,0
911,7500_to_7599,7549.5,10,10,1,4,2.0943875999999997,2.0943875999999997,2.399653,6.157348,2.967733911111111,2.967733911111111,2.0943875999999997,2.0943875999999997,2.399653,6.157348,2.967733911111111,2.967733911111111,1,0,0,0,0,0,0
94,7500_to_7599,7549.5,10,10,1,3,1.3559288999999999,1.3559288999999999,0.906321,2.563589,1.5397130444444445,1.5397130444444445,1.3559288999999999,1.3559288999999999,0.906321,2.563589,1.5397130444444445,1.5397130444444445,1,0,0,0,0,0,0
949,7500_to_7599,7549.5,10,10,2,2,5.8658952,5.404710555555557,8.154897,19.894004,10.028902800000001,9.616151611111112,5.8658952,5.404710555555557,8.154897,19.894004,10.028902800000001,9.616151611111112,0.9,0.1,0,0,0,0,0
105,7600_to_7699,7649.5,10,10,2,2,2.4872913999999993,0.833413125,4.3690999999999995,6.4025099999999995,2.758942,1.3535764642857142,2.4872913999999993,0.833413125,4.3690999999999995,6.4025099999999995,2.758942,1.3535764642857142,0.8,0.2,0,0,0,0,0
106,7600_to_7699,7649.5,10,10,1,6,1.0794281000000001,1.0794281000000001,1.895715,2.4316739999999997,1.3047427333333332,1.3047427333333332,1.0794281000000001,1.0794281000000001,1.895715,2.4316739999999997,1.3047427333333332,1.3047427333333332,1,0,0,0,0,0,0
237,7600_to_7699,7649.5,10,10,1,1,1.0112358,1.0112358,1.198381,2.565023,1.2642805333333333,1.2642805333333333,1.0112358,1.0112358,1.198381,2.565023,1.2642805333333333,1.2642805333333333,1,0,0,0,0,0,0
70,7600_to_7699,7649.5,10,10,1,2,4.9438508,4.9438508,5.723396,12.648947000000001,6.578548311111111,6.578548311111111,4.9438508,4.9438508,5.723396,12.648947000000001,6.578548311111111,6.578548311111111,1,0,0,0,0,0,0
724,7600_to_7699,7649.5,10,10,2,2,3.7098319,3.114628,3.511483,7.708246000000001,5.119496955555555,4.7428434444444445,3.7098319,3.114628,3.511483,7.708246000000001,5.119496955555555,4.7428434444444445,0.9,0.1,0,0,0,0,0
727,7600_to_7699,7649.5,10,10,1,1,0.31764939999999997,0.31764939999999997,0.255068,0.767595,0.33765466666666666,0.33765466666666666,0.31764939999999997,0.31764939999999997,0.255068,0.767595,0.33765466666666666,0.33765466666666666,1,0,0,0,0,0,0
911,7600_to_7699,7649.5,10,10,1,5,1.8987557000000002,1.8987557000000002,2.448422,5.245947,2.7800720666666665,2.7800720666666665,1.8987557000000002,1.8987557000000002,2.448422,5.245947,2.7800720666666665,2.7800720666666665,1,0,0,0,0,0,0
94,7600_to_7699,7649.5,10,10,1,3,1.2462646000000002,1.2462646000000002,0.9595870000000001,2.675515,1.6296973333333333,1.6296973333333333,1.2462646000000002,1.2462646000000002,0.9595870000000001,2.675515,1.6296973333333333,1.6296973333333333,1,0,0,0,0,0,0
949,7600_to_7699,7649.5,10,10,2,2,11.1755533,7.970643666666667,15.595508,30.801038000000002,14.7228222,12.511989833333333,11.1755533,7.970643666666667,15.595508,30.801038000000002,14.7228222,12.511989833333333,0.9,0.1,0,0,0,0,0
105,7700_to_7799,7749.5,10,10,2,2,3.4601841999999996,1.3790401250000002,4.931614000000001,7.765298,3.5327476444444446,1.9746001785714284,3.4601841999999996,1.3790401250000002,4.931614000000001,7.765298,3.5327476444444446,1.9746001785714284,0.8,0.2,0,0,0,0,0
106,7700_to_7799,7749.5,10,10,1,5,0.6895551999999999,0.6895551999999999,1.003051,1.695214,0.8732657777777778,0.8732657777777778,0.6895551999999999,0.6895551999999999,1.003051,1.695214,0.8732657777777778,0.8732657777777778,1,0,0,0,0,0,0
237,7700_to_7799,7749.5,10,10,1,1,0.8469762000000001,0.8469762000000001,0.651857,2.215053,1.1298512,1.1298512,0.8469762000000001,0.8469762000000001,0.651857,2.215053,1.1298512,1.1298512,1,0,0,0,0,0,0
70,7700_to_7799,7749.5,10,10,2,4,4.66136,2.8264373333333332,3.76297,11.171577,6.739306577777778,3.656483333333333,4.66136,2.8264373333333332,3.76297,11.171577,6.739306577777778,3.656483333333333,0.6,0.4,0,0,0,0,0
724,7700_to_7799,7749.5,10,10,4,4,3.3083360000000006,1.6524466,3.284536,11.117075,4.6239296,2.5846215999999997,3.3083360000000006,1.6524466,3.284536,11.117075,4.6239296,2.5846215999999997,0.5,0.3,0.1,0.1,0,0,0
727,7700_to_7799,7749.5,10,10,1,1,0.3617528,0.3617528,0.318954,1.1080720000000002,0.46379564444444443,0.46379564444444443,0.3617528,0.3617528,0.318954,1.1080720000000002,0.46379564444444443,0.46379564444444443,1,0,0,0,0,0,0
911,7700_to_7799,7749.5,10,10,2,2,3.4455131000000003,2.19294,6.104447,10.413131,3.6663382,2.508576,3.4455131000000003,2.19294,6.104447,10.413131,3.6663382,2.508576,0.9,0.1,0,0,0,0,0
94,7700_to_7799,7749.5,10,10,2,3,1.2570387,1.225027888888889,1.0887559999999998,3.4430630000000004,1.9190087333333334,1.782283277777778,1.2570387,1.225027888888889,1.0887559999999998,3.4430630000000004,1.9190087333333334,1.782283277777778,0.9,0.1,0,0,0,0,0
949,7700_to_7799,7749.5,10,10,1,3,11.807662599999999,11.807662599999999,14.474069,39.28716,18.16526511111111,18.16526511111111,11.807662599999999,11.807662599999999,14.474069,39.28716,18.16526511111111,18.16526511111111,1,0,0,0,0,0,0
105,7800_to_7899,7849.5,10,10,2,2,3.7126163000000005,1.5005690000000003,5.508003,8.665021000000001,3.9915798444444444,2.3029234285714284,3.7126163000000005,1.5005690000000003,5.508003,8.665021000000001,3.9915798444444444,2.3029234285714284,0.8,0.2,0,0,0,0,0
106,7800_to_7899,7849.5,10,10,2,2,2.6121492,0.14152883333333335,5.11438,5.780893,3.123777733333333,0.2328446,2.6121492,0.14152883333333335,5.11438,5.780893,3.123777733333333,0.2328446,0.6,0.4,0,0,0,0,0
237,7800_to_7899,7849.5,10,10,1,2,1.0685664000000004,1.0685664000000004,1.867681,3.8859369999999998,1.5738145333333333,1.5738145333333333,1.0685664000000004,1.0685664000000004,1.867681,3.8859369999999998,1.5738145333333333,1.5738145333333333,1,0,0,0,0,0,0
70,7800_to_7899,7849.5,10,10,2,5,6.384905699999999,4.360929857142858,9.441424999999999,17.659968999999997,9.512571222222222,5.781768285714286,6.384905699999999,4.360929857142858,9.441424999999999,17.659968999999997,9.512571222222222,5.781768285714286,0.7,0.3,0,0,0,0,0
724,7800_to_7899,7849.5,10,10,3,5,4.129795100000001,1.8750140000000002,3.965148,12.024497,6.039724022222222,3.0479368,4.129795100000001,1.8750140000000002,3.965148,12.024497,6.039724022222222,3.0479368,0.5,0.3,0.2,0,0,0,0
727,7800_to_7899,7849.5,10,10,1,1,0.4189414,0.4189414,0.251397,0.901891,0.4522853333333334,0.4522853333333334,0.4189414,0.4189414,0.251397,0.901891,0.4522853333333334,0.4522853333333334,1,0,0,0,0,0,0
911,7800_to_7899,7849.5,10,10,1,2,3.1087695999999996,3.1087695999999996,2.615779,6.815794,3.9188416,3.9188416,3.1087695999999996,3.1087695999999996,2.615779,6.815794,3.9188416,3.9188416,1,0,0,0,0,0,0
94,7800_to_7899,7849.5,10,10,1,5,2.1652587999999997,2.1652587999999997,1.6822789999999999,3.4672839999999994,2.0674288,2.0674288,2.1652587999999997,2.1652587999999997,1.6822789999999999,3.4672839999999994,2.0674288,2.0674288,1,0,0,0,0,0,0
949,7800_to_7899,7849.5,10,10,1,1,12.6713123,12.6713123,11.75809,36.840051,18.60737442222222,18.60737442222222,12.6713123,12.6713123,11.75809,36.840051,18.60737442222222,18.60737442222222,1,0,0,0,0,0,0
105,7900_to_7999,7949.5,10,10,2,2,3.3873623999999998,1.376895375,5.877577,8.555824999999999,3.6626236888888886,1.6811896071428571,3.3873623999999998,1.376895375,5.877577,8.555824999999999,3.6626236888888886,1.6811896071428571,0.8,0.2,0,0,0,0,0
106,7900_to_7999,7949.5,10,10,2,3,1.2028590000000001,0.2071166666666667,2.1591519999999997,2.7476860000000003,1.4684101777777778,0.17761773333333333,1.2028590000000001,0.2071166666666667,2.1591519999999997,2.7476860000000003,1.4684101777777778,0.17761773333333333,0.6,0.4,0,0,0,0,0
237,7900_to_7999,7949.5,10,10,1,3,1.3166414000000002,1.3166414000000002,1.058071,2.430098,1.4345045333333333,1.4345045333333333,1.3166414000000002,1.3166414000000002,1.058071,2.430098,1.4345045333333333,1.4345045333333333,1,0,0,0,0,0,0
70,7900_to_7999,7949.5,10,10,2,5,3.1513437000000004,2.267191857142857,4.671039,9.158275,4.929106733333334,2.925579238095238,3.1513437000000004,2.267191857142857,4.671039,9.158275,4.929106733333334,2.925579238095238,0.7,0.3,0,0,0,0,0
724,7900_to_7999,7949.5,10,10,4,6,3.5382918000000005,1.9693545999999997,3.01991,12.345203000000001,5.537381422222222,2.4223204000000003,3.5382918000000005,1.9693545999999997,3.01991,12.345203000000001,5.537381422222222,2.4223204000000003,0.5,0.3,0.1,0.1,0,0,0
727,7900_to_7999,7949.5,10,10,1,1,0.20040770000000002,0.20040770000000002,0.134665,0.619787,0.30308348888888886,0.30308348888888886,0.20040770000000002,0.20040770000000002,0.134665,0.619787,0.30308348888888886,0.30308348888888886,1,0,0,0,0,0,0
911,7900_to_7999,7949.5,10,10,1,1,2.1403217999999993,2.1403217999999993,1.901583,5.491103,2.984080044444444,2.984080044444444,2.1403217999999993,2.1403217999999993,1.901583,5.491103,2.984080044444444,2.984080044444444,1,0,0,0,0,0,0
94,7900_to_7999,7949.5,10,10,1,3,1.9181788999999998,1.9181788999999998,2.272383,4.572288,2.0595296222222226,2.0595296222222226,1.9181788999999998,1.9181788999999998,2.272383,4.572288,2.0595296222222226,2.0595296222222226,1,0,0,0,0,0,0
949,7900_to_7999,7949.5,10,10,3,5,9.4530317,5.865811285714286,16.655044999999998,36.199055,15.8317386,9.754317238095238,9.4530317,5.865811285714286,16.655044999999998,36.199055,15.8317386,9.754317238095238,0.7,0.2,0.1,0,0,0,0
105,8000_to_8099,8049.5,10,10,4,4,4.122043099999999,1.0924148,7.641953,11.456088,5.689117488888889,1.3734916,4.122043099999999,1.0924148,7.641953,11.456088,5.689117488888889,1.3734916,0.5,0.2,0.2,0.1,0,0,0
106,8000_to_8099,8049.5,10,10,2,7,0.9341876000000001,0.11774516666666666,1.4384709999999998,1.991553,1.037643911111111,0.15956019999999999,0.9341876000000001,0.11774516666666666,1.4384709999999998,1.991553,1.037643911111111,0.15956019999999999,0.6,0.4,0,0,0,0,0
237,8000_to_8099,8049.5,10,10,1,1,0.6280291,0.6280291,0.753155,1.7422499999999999,0.9603928222222222,0.9603928222222222,0.6280291,0.6280291,0.753155,1.7422499999999999,0.9603928222222222,0.9603928222222222,1,0,0,0,0,0,0
70,8000_to_8099,8049.5,10,10,4,5,6.1370834,0.8521234999999999,4.3477429999999995,15.753606999999999,7.148788488888889,1.0631756666666667,6.1370834,0.8521234999999999,4.3477429999999995,15.753606999999999,7.148788488888889,1.0631756666666667,0.4,0.3,0.2,0.1,0,0,0
724,8000_to_8099,8049.5,10,10,1,1,3.6076744999999995,3.6076744999999995,2.2327000000000004,7.953373000000001,4.1815513555555555,4.1815513555555555,3.6076744999999995,3.6076744999999995,2.2327000000000004,7.953373000000001,4.1815513555555555,4.1815513555555555,1,0,0,0,0,0,0
727,8000_to_8099,8049.5,10,10,1,7,0.49248689999999995,0.49248689999999995,0.307621,0.84859,0.3775526444444444,0.3775526444444444,0.49248689999999995,0.49248689999999995,0.307621,0.84859,0.3775526444444444,0.3775526444444444,1,0,0,0,0,0,0
911,8000_to_8099,8049.5,10,10,1,9,2.3241524,2.3241524,1.85936,4.596984,2.5698350666666667,2.5698350666666667,2.3241524,2.3241524,1.85936,4.596984,2.5698350666666667,2.5698350666666667,1,0,0,0,0,0,0
94,8000_to_8099,8049.5,10,10,1,5,1.1515027999999998,1.1515027999999998,0.957135,2.472846,1.4640592444444445,1.4640592444444445,1.1515027999999998,1.1515027999999998,0.957135,2.472846,1.4640592444444445,1.4640592444444445,1,0,0,0,0,0,0
949,8000_to_8099,8049.5,10,10,6,6,7.952477499999999,0.8205133333333334,9.773752,23.723017,13.815916733333333,1.6410259999999999,7.952477499999999,0.8205133333333334,9.773752,23.723017,13.815916733333333,1.6410259999999999,0.3,0.3,0.1,0.1,0.1,0.1,0
105,8100_to_8199,8149.5,10,10,2,2,2.1693197,1.2679062500000002,2.4644969999999997,5.301527999999999,2.203429,1.3187945714285714,2.1693197,1.2679062500000002,2.4644969999999997,5.301527999999999,2.203429,1.3187945714285714,0.8,0.2,0,0,0,0,0
106,8100_to_8199,8149.5,10,10,1,7,0.6908972,0.6908972,1.055807,1.754837,0.8834092,0.8834092,0.6908972,0.6908972,1.055807,1.754837,0.8834092,0.8834092,1,0,0,0,0,0,0
237,8100_to_8199,8149.5,10,10,1,3,0.6295884,0.6295884,0.730017,2.107699,0.9652241333333333,0.9652241333333333,0.6295884,0.6295884,0.730017,2.107699,0.9652241333333333,0.9652241333333333,1,0,0,0,0,0,0
70,8100_to_8199,8149.5,10,10,3,4,3.0648702,0.8844586666666666,5.491831,11.043845,4.2362584,1.4263234666666667,3.0648702,0.8844586666666666,5.491831,11.043845,4.2362584,1.4263234666666667,0.6,0.3,0.1,0,0,0,0
724,8100_to_8199,8149.5,10,10,1,6,1.8139214000000004,1.8139214000000004,1.787199,5.875812000000001,3.0133096444444445,3.0133096444444445,1.8139214000000004,1.8139214000000004,1.787199,5.875812000000001,3.0133096444444445,3.0133096444444445,1,0,0,0,0,0,0
727,8100_to_8199,8149.5,10,10,1,3,0.183605,0.183605,0.174072,0.543728,0.2910656,0.2910656,0.183605,0.183605,0.174072,0.543728,0.2910656,0.2910656,1,0,0,0,0,0,0
911,8100_to_8199,8149.5,10,10,1,6,1.8938182000000001,1.8938182000000001,1.713438,4.602639,2.623746,2.623746,1.8938182000000001,1.8938182000000001,1.713438,4.602639,2.623746,2.623746,1,0,0,0,0,0,0
94,8100_to_8199,8149.5,10,10,2,2,1.5175315,1.1199083333333333,1.175756,2.9908569999999997,1.5163217111111111,1.3214860555555554,1.5175315,1.1199083333333333,1.175756,2.9908569999999997,1.5163217111111111,1.3214860555555554,0.9,0.1,0,0,0,0,0
949,8100_to_8199,8149.5,10,10,4,4,11.4619854,5.6664563999999995,12.468050999999999,27.05026,17.961581422222224,7.0582498000000005,11.4619854,5.6664563999999995,12.468050999999999,27.05026,17.961581422222224,7.0582498000000005,0.5,0.3,0.1,0.1,0,0,0
105,8200_to_8299,8249.5,10,10,3,3,1.8634842000000003,1.1922552857142856,2.33903,5.081461,2.413049911111111,1.2266090476190477,1.8634842000000003,1.1922552857142856,2.33903,5.081461,2.413049911111111,1.2266090476190477,0.7,0.2,0.1,0,0,0,0
106,8200_to_8299,8249.5,10,10,2,3,0.6563264000000001,0.12677049999999998,0.952806,1.4782269999999997,0.7703632888888888,0.14595873333333334,0.6563264000000001,0.12677049999999998,0.952806,1.4782269999999997,0.7703632888888888,0.14595873333333334,0.6,0.4,0,0,0,0,0
237,8200_to_8299,8249.5,10,10,1,1,0.7787721999999999,0.7787721999999999,0.976393,2.7281709999999997,1.020418,1.020418,0.7787721999999999,0.7787721999999999,0.976393,2.7281709999999997,1.020418,1.020418,1,0,0,0,0,0,0
70,8200_to_8299,8249.5,10,10,3,8,2.5447438,0.9792346666666667,4.604315,9.360234,4.0603220888888885,1.6330273333333334,2.5447438,0.9792346666666667,4.604315,9.360234,4.0603220888888885,1.6330273333333334,0.6,0.3,0.1,0,0,0,0
724,8200_to_8299,8249.5,10,10,4,10,2.4013782999999997,1.567494142857143,1.4579699999999998,4.647565999999999,3.1549206444444446,2.446910761904762,2.4013782999999997,1.567494142857143,1.4579699999999998,4.647565999999999,3.1549206444444446,2.446910761904762,0.7,0.1,0.1,0.1,0,0,0
727,8200_to_8299,8249.5,10,10,1,7,0.6108784,0.6108784,0.300063,0.910743,0.43768626666666666,0.43768626666666666,0.6108784,0.6108784,0.300063,0.910743,0.43768626666666666,0.43768626666666666,1,0,0,0,0,0,0
911,8200_to_8299,8249.5,10,10,1,1,2.6810341,2.6810341,2.545424,7.525506,3.569765177777778,3.569765177777778,2.6810341,2.6810341,2.545424,7.525506,3.569765177777778,3.569765177777778,1,0,0,0,0,0,0
94,8200_to_8299,8249.5,10,10,1,3,1.7233643,1.7233643,0.9774769999999999,2.3625540000000003,1.390631,1.390631,1.7233643,1.7233643,0.9774769999999999,2.3625540000000003,1.390631,1.390631,1,0,0,0,0,0,0
949,8200_to_8299,8249.5,10,10,4,5,6.5244867,2.9820156,5.759722,18.986531,10.8269178,4.5596108,6.5244867,2.9820156,5.759722,18.986531,10.8269178,4.5596108,0.5,0.3,0.1,0.1,0,0,0
105,8300_to_8399,8349.5,10,10,2,2,3.3042654999999996,1.0868161250000001,4.746803,7.147178,3.2491495333333336,1.7162753214285713,3.3042654999999996,1.0868161250000001,4.746803,7.147178,3.2491495333333336,1.7162753214285713,0.8,0.2,0,0,0,0,0
106,8300_to_8399,8349.5,10,10,2,2,1.6141531,0.1458825,3.084238,3.6548450000000003,1.9120071777777778,0.15936086666666666,1.6141531,0.1458825,3.084238,3.6548450000000003,1.9120071777777778,0.15936086666666666,0.6,0.4,0,0,0,0,0
237,8300_to_8399,8349.5,10,10,1,7,0.7250068000000001,0.7250068000000001,0.81496,2.22061,1.2007416,1.2007416,0.7250068000000001,0.7250068000000001,0.81496,2.22061,1.2007416,1.2007416,1,0,0,0,0,0,0
70,8300_to_8399,8349.5,10,10,3,5,3.8499866000000003,2.233336,3.631765,10.725349000000001,5.676744311111111,3.4045460000000003,3.8499866000000003,2.233336,3.631765,10.725349000000001,5.676744311111111,3.4045460000000003,0.6,0.3,0.1,0,0,0,0
724,8300_to_8399,8349.5,10,10,2,4,3.7013551,3.8894284285714287,2.766083,9.456993,5.697318866666667,5.266250761904763,3.7013551,3.8894284285714287,2.766083,9.456993,5.697318866666667,5.266250761904763,0.7,0.3,0,0,0,0,0
727,8300_to_8399,8349.5,10,10,1,1,0.40365850000000003,0.40365850000000003,0.305066,1.008438,0.5032145111111112,0.5032145111111112,0.40365850000000003,0.40365850000000003,0.305066,1.008438,0.5032145111111112,0.5032145111111112,1,0,0,0,0,0,0
911,8300_to_8399,8349.5,10,10,1,2,3.5637872,3.5637872,2.99216,8.934932000000002,4.681689466666667,4.681689466666667,3.5637872,3.5637872,2.99216,8.934932000000002,4.681689466666667,4.681689466666667,1,0,0,0,0,0,0
94,8300_to_8399,8349.5,10,10,1,3,2.4695602,2.4695602,1.692467,3.568871,2.2415025777777777,2.2415025777777777,2.4695602,2.4695602,1.692467,3.568871,2.2415025777777777,2.2415025777777777,1,0,0,0,0,0,0
949,8300_to_8399,8349.5,10,10,1,1,9.124628999999999,9.124628999999999,8.106686,21.000344999999996,14.175680222222221,14.175680222222221,9.124628999999999,9.124628999999999,8.106686,21.000344999999996,14.175680222222221,14.175680222222221,1,0,0,0,0,0,0
105,8400_to_8499,8449.5,10,10,2,2,2.7218289,1.0689054999999998,4.016248,6.501969,3.0341426444444446,1.8388797857142858,2.7218289,1.0689054999999998,4.016248,6.501969,3.0341426444444446,1.8388797857142858,0.8,0.2,0,0,0,0,0
106,8400_to_8499,8449.5,10,10,2,7,1.0276641,0.24670399999999995,1.424003,2.4785890000000004,1.274515977777778,0.210892,1.0276641,0.24670399999999995,1.424003,2.4785890000000004,1.274515977777778,0.210892,0.6,0.4,0,0,0,0,0
237,8400_to_8499,8449.5,10,10,1,5,0.9420842,0.9420842,0.957658,3.1555969999999998,1.443711777777778,1.443711777777778,0.9420842,0.9420842,0.957658,3.1555969999999998,1.443711777777778,1.443711777777778,1,0,0,0,0,0,0
70,8400_to_8499,8449.5,10,10,3,7,4.764306599999999,1.3590574,5.463304999999999,13.950401,7.313547288888889,2.239617,4.764306599999999,1.3590574,5.463304999999999,13.950401,7.313547288888889,2.239617,0.5,0.3,0.2,0,0,0,0
724,8400_to_8499,8449.5,10,10,3,4,3.4239463,2.0775916,2.72883,7.454397,5.141950644444445,3.41067,3.4239463,2.0775916,2.72883,7.454397,5.141950644444445,3.41067,0.5,0.3,0.2,0,0,0,0
727,8400_to_8499,8449.5,10,10,1,1,0.43418399999999996,0.43418399999999996,0.474848,1.18418,0.5556634222222222,0.5556634222222222,0.43418399999999996,0.43418399999999996,0.474848,1.18418,0.5556634222222222,0.5556634222222222,1,0,0,0,0,0,0
911,8400_to_8499,8449.5,10,10,1,1,2.4955983,2.4955983,2.800201,6.187246,3.9772195333333333,3.9772195333333333,2.4955983,2.4955983,2.800201,6.187246,3.9772195333333333,3.9772195333333333,1,0,0,0,0,0,0
94,8400_to_8499,8449.5,10,10,2,4,2.8568157999999997,0.9856241666666667,2.140519,5.436928,3.091991511111111,1.1153640666666667,2.8568157999999997,0.9856241666666667,2.140519,5.436928,3.091991511111111,1.1153640666666667,0.6,0.4,0,0,0,0,0
949,8400_to_8499,8449.5,10,10,1,1,9.212999700000001,9.212999700000001,14.768087,30.302445999999996,16.48920451111111,16.48920451111111,9.212999700000001,9.212999700000001,14.768087,30.302445999999996,16.48920451111111,16.48920451111111,1,0,0,0,0,0,0
105,8500_to_8599,8549.5,10,10,2,6,4.6840077,3.861878875,3.3188440000000003,8.663711000000001,3.264202688888889,2.425520178571429,4.6840077,3.861878875,3.3188440000000003,8.663711000000001,3.264202688888889,2.425520178571429,0.8,0.2,0,0,0,0,0
106,8500_to_8599,8549.5,10,10,2,2,0.7802871,0.11414600000000001,1.128857,1.863966,0.9827020222222221,0.1767136,0.7802871,0.11414600000000001,1.128857,1.863966,0.9827020222222221,0.1767136,0.6,0.4,0,0,0,0,0
237,8500_to_8599,8549.5,10,10,1,3,1.0063342,1.0063342,0.813653,2.906923,1.4027289777777778,1.4027289777777778,1.0063342,1.0063342,0.813653,2.906923,1.4027289777777778,1.4027289777777778,1,0,0,0,0,0,0
70,8500_to_8599,8549.5,10,10,2,5,4.8973343,2.8425561666666668,5.1570219999999996,11.197914000000003,6.257966288888889,4.201421933333333,4.8973343,2.8425561666666668,5.1570219999999996,11.197914000000003,6.257966288888889,4.201421933333333,0.6,0.4,0,0,0,0,0
724,8500_to_8599,8549.5,10,10,1,5,2.441093,2.441093,1.980314,7.234589999999999,3.9203924444444445,3.9203924444444445,2.441093,2.441093,1.980314,7.234589999999999,3.9203924444444445,3.9203924444444445,1,0,0,0,0,0,0
727,8500_to_8599,8549.5,10,10,1,1,0.6098328,0.6098328,0.290416,0.976064,0.5248084888888889,0.5248084888888889,0.6098328,0.6098328,0.290416,0.976064,0.5248084888888889,0.5248084888888889,1,0,0,0,0,0,0
911,8500_to_8599,8549.5,10,10,3,5,2.2993273999999997,1.8629683750000001,3.9468010000000002,8.595252,3.635801466666667,2.505261107142857,2.2993273999999997,1.8629683750000001,3.9468010000000002,8.595252,3.635801466666667,2.505261107142857,0.8,0.1,0.1,0,0,0,0
94,8500_to_8599,8549.5,10,10,1,5,1.1641633,1.1641633,1.10837,2.5067830000000004,1.7418064666666668,1.7418064666666668,1.1641633,1.1641633,1.10837,2.5067830000000004,1.7418064666666668,1.7418064666666668,1,0,0,0,0,0,0
949,8500_to_8599,8549.5,10,10,3,3,8.599407199999998,3.0775750000000004,9.929681,30.646456,14.240463466666666,4.7736384,8.599407199999998,3.0775750000000004,9.929681,30.646456,14.240463466666666,4.7736384,0.5,0.4,0.1,0,0,0,0
105,8600_to_8699,8649.5,10,10,2,6,3.2774378,2.4549695000000002,3.8751310000000005,7.5753200000000005,3.226225288888889,2.1381299285714284,3.2774378,2.4549695000000002,3.8751310000000005,7.5753200000000005,3.226225288888889,2.1381299285714284,0.8,0.2,0,0,0,0,0
106,8600_to_8699,8649.5,10,10,2,5,0.8296793999999998,0.12779833333333335,0.906986,1.5447469999999999,0.7363943555555554,0.16118426666666666,0.8296793999999998,0.12779833333333335,0.906986,1.5447469999999999,0.7363943555555554,0.16118426666666666,0.6,0.4,0,0,0,0,0
237,8600_to_8699,8649.5,10,10,1,7,0.6110854,0.6110854,0.835244,2.020593,0.9134274222222222,0.9134274222222222,0.6110854,0.6110854,0.835244,2.020593,0.9134274222222222,0.9134274222222222,1,0,0,0,0,0,0
70,8600_to_8699,8649.5,10,10,3,5,4.299763400000001,0.52448175,4.133508,10.672345,5.988704444444444,1.0021968333333333,4.299763400000001,0.52448175,4.133508,10.672345,5.988704444444444,1.0021968333333333,0.4,0.3,0.3,0,0,0,0
724,8600_to_8699,8649.5,10,10,1,5,3.0590797,3.0590797,2.14636,7.603924,4.081735622222222,4.081735622222222,3.0590797,3.0590797,2.14636,7.603924,4.081735622222222,4.081735622222222,1,0,0,0,0,0,0
727,8600_to_8699,8649.5,10,10,1,4,0.35423679999999996,0.35423679999999996,0.344143,0.842441,0.42226702222222223,0.42226702222222223,0.35423679999999996,0.35423679999999996,0.344143,0.842441,0.42226702222222223,0.42226702222222223,1,0,0,0,0,0,0
911,8600_to_8699,8649.5,10,10,1,2,2.9694393999999997,2.9694393999999997,3.068728,8.099093,4.4781408,4.4781408,2.9694393999999997,2.9694393999999997,3.068728,8.099093,4.4781408,4.4781408,1,0,0,0,0,0,0
94,8600_to_8699,8649.5,10,10,2,4,1.2917689999999997,0.8653274285714285,1.231083,3.8773829999999996,2.0565753333333334,1.0343822857142857,1.2917689999999997,0.8653274285714285,1.231083,3.8773829999999996,2.0565753333333334,1.0343822857142857,0.7,0.3,0,0,0,0,0
949,8600_to_8699,8649.5,10,10,4,4,9.346044299999999,8.5313705,9.713536999999999,26.585220999999997,15.921491666666666,14.590154,9.346044299999999,8.5313705,9.713536999999999,26.585220999999997,15.921491666666666,14.590154,0.4,0.3,0.2,0.1,0,0,0
105,8700_to_8799,8749.5,10,10,2,6,2.530354,2.0287075,3.060243,6.910888999999999,3.2069490666666667,2.4250652142857145,2.530354,2.0287075,3.060243,6.910888999999999,3.2069490666666667,2.4250652142857145,0.8,0.2,0,0,0,0,0
106,8700_to_8799,8749.5,10,10,2,2,1.3206444,0.11227233333333335,2.407066,3.061613,1.625335777777778,0.18317493333333335,1.3206444,0.11227233333333335,2.407066,3.061613,1.625335777777778,0.18317493333333335,0.6,0.4,0,0,0,0,0
237,8700_to_8799,8749.5,10,10,1,5,0.8634218,0.8634218,1.4700199999999999,3.578956,1.4443406666666665,1.4443406666666665,0.8634218,0.8634218,1.4700199999999999,3.578956,1.4443406666666665,1.4443406666666665,1,0,0,0,0,0,0
70,8700_to_8799,8749.5,10,10,4,5,5.783984299999998,1.0149089999999998,6.15171,15.810386000000001,8.449555933333334,1.4820740000000001,5.783984299999998,1.0149089999999998,6.15171,15.810386000000001,8.449555933333334,1.4820740000000001,0.4,0.3,0.2,0.1,0,0,0
724,8700_to_8799,8749.5,10,10,1,6,2.9358931,2.9358931,2.939666,7.831941,4.098542688888889,4.098542688888889,2.9358931,2.9358931,2.939666,7.831941,4.098542688888889,4.098542688888889,1,0,0,0,0,0,0
727,8700_to_8799,8749.5,10,10,1,5,0.42898949999999997,0.42898949999999997,0.293895,0.8403050000000001,0.44707642222222227,0.44707642222222227,0.42898949999999997,0.42898949999999997,0.293895,0.8403050000000001,0.44707642222222227,0.44707642222222227,1,0,0,0,0,0,0
911,8700_to_8799,8749.5,10,10,1,4,2.0201034,2.0201034,2.209581,5.272434,3.1115916444444442,3.1115916444444442,2.0201034,2.0201034,2.209581,5.272434,3.1115916444444442,3.1115916444444442,1,0,0,0,0,0,0
94,8700_to_8799,8749.5,10,10,1,2,1.0655535,1.0655535,1.15418,2.940409,1.5602716222222222,1.5602716222222222,1.0655535,1.0655535,1.15418,2.940409,1.5602716222222222,1.5602716222222222,1,0,0,0,0,0,0
949,8700_to_8799,8749.5,10,10,1,1,11.1304421,11.1304421,6.758871,25.562655000000003,15.544675666666668,15.544675666666668,11.1304421,11.1304421,6.758871,25.562655000000003,15.544675666666668,15.544675666666668,1,0,0,0,0,0,0
105,8800_to_8899,8849.5,10,10,2,6,1.9811123,1.1919015000000002,2.400748,4.8728810000000005,2.4124226444444443,1.7371567857142858,1.9811123,1.1919015000000002,2.400748,4.8728810000000005,2.4124226444444443,1.7371567857142858,0.8,0.2,0,0,0,0,0
106,8800_to_8899,8849.5,10,10,1,6,0.5977796,0.5977796,0.947457,1.411756,0.7627716000000001,0.7627716000000001,0.5977796,0.5977796,0.947457,1.411756,0.7627716000000001,0.7627716000000001,1,0,0,0,0,0,0
237,8800_to_8899,8849.5,10,10,1,6,1.3160627,1.3160627,1.271684,2.251322,1.1388928222222223,1.1388928222222223,1.3160627,1.3160627,1.271684,2.251322,1.1388928222222223,1.1388928222222223,1,0,0,0,0,0,0
70,8800_to_8899,8849.5,10,10,3,8,4.0907212,1.093222,3.6897740000000003,13.136636000000001,5.5439607111111116,1.3328054,4.0907212,1.093222,3.6897740000000003,13.136636000000001,5.5439607111111116,1.3328054,0.5,0.3,0.2,0,0,0,0
724,8800_to_8899,8849.5,10,10,1,5,3.5404549000000003,3.5404549000000003,3.782872,11.698118,5.596701577777778,5.596701577777778,3.5404549000000003,3.5404549000000003,3.782872,11.698118,5.596701577777778,5.596701577777778,1,0,0,0,0,0,0
727,8800_to_8899,8849.5,10,10,1,4,0.43533979999999994,0.43533979999999994,0.37911,1.020847,0.5303402222222222,0.5303402222222222,0.43533979999999994,0.43533979999999994,0.37911,1.020847,0.5303402222222222,0.5303402222222222,1,0,0,0,0,0,0
911,8800_to_8899,8849.5,10,10,2,3,2.9267058999999995,2.3600676666666667,7.022199,12.489443999999999,4.940949044444444,3.635348611111111,2.9267058999999995,2.3600676666666667,7.022199,12.489443999999999,4.940949044444444,3.635348611111111,0.9,0.1,0,0,0,0,0
94,8800_to_8899,8849.5,10,10,3,3,1.3920183000000002,1.061528,1.276487,3.5537829999999997,1.8509819777777778,0.955978380952381,1.3920183000000002,1.061528,1.276487,3.5537829999999997,1.8509819777777778,0.955978380952381,0.7,0.2,0.1,0,0,0,0
949,8800_to_8899,8849.5,10,10,5,5,7.499874099999998,5.533752333333333,8.104763,23.169354,13.018805444444444,10.121363333333333,7.499874099999998,5.533752333333333,8.104763,23.169354,13.018805444444444,10.121363333333333,0.3,0.3,0.2,0.1,0.1,0,0
105,8900_to_8999,8949.5,10,10,2,6,2.2805398,1.598535,2.9584709999999994,6.1570149999999995,3.0053660888888887,2.119493142857143,2.2805398,1.598535,2.9584709999999994,6.1570149999999995,3.0053660888888887,2.119493142857143,0.8,0.2,0,0,0,0,0
106,8900_to_8999,8949.5,10,10,2,2,1.0736724,0.0958555,1.909607,2.501401,1.2965223111111113,0.15083526666666666,1.0736724,0.0958555,1.909607,2.501401,1.2965223111111113,0.15083526666666666,0.6,0.4,0,0,0,0,0
237,8900_to_8999,8949.5,10,10,1,5,0.7446271,0.7446271,0.573121,1.841415,1.0241586,1.0241586,0.7446271,0.7446271,0.573121,1.841415,1.0241586,1.0241586,1,0,0,0,0,0,0
70,8900_to_8999,8949.5,10,10,2,4,2.6393130000000005,2.2135128333333336,2.582885,6.386176000000001,4.035538533333334,3.286616733333333,2.6393130000000005,2.2135128333333336,2.582885,6.386176000000001,4.035538533333334,3.286616733333333,0.6,0.4,0,0,0,0,0
724,8900_to_8999,8949.5,10,10,1,2,2.6092869000000003,2.6092869000000003,3.247463,9.566267,3.955472777777778,3.955472777777778,2.6092869000000003,2.6092869000000003,3.247463,9.566267,3.955472777777778,3.955472777777778,1,0,0,0,0,0,0
727,8900_to_8999,8949.5,10,10,1,1,0.3369525,0.3369525,0.155754,0.571685,0.33119228888888885,0.33119228888888885,0.3369525,0.3369525,0.155754,0.571685,0.33119228888888885,0.33119228888888885,1,0,0,0,0,0,0
911,8900_to_8999,8949.5,10,10,1,4,1.3472884,1.3472884,1.672531,4.958073,2.4426650666666667,2.4426650666666667,1.3472884,1.3472884,1.672531,4.958073,2.4426650666666667,2.4426650666666667,1,0,0,0,0,0,0
94,8900_to_8999,8949.5,10,10,1,3,1.1147723999999999,1.1147723999999999,0.784226,2.9203230000000002,1.5622002222222222,1.5622002222222222,1.1147723999999999,1.1147723999999999,0.784226,2.9203230000000002,1.5622002222222222,1.5622002222222222,1,0,0,0,0,0,0
949,8900_to_8999,8949.5,10,10,1,1,5.1401588,5.1401588,7.271932,16.388592,9.158442355555556,9.158442355555556,5.1401588,5.1401588,7.271932,16.388592,9.158442355555556,9.158442355555556,1,0,0,0,0,0,0
105,9000_to_9099,9049.5,10,10,2,7,4.7676406,1.383607375,5.137901,8.165573,3.4530341333333334,1.74291075,4.7676406,1.383607375,5.137901,8.165573,3.4530341333333334,1.74291075,0.8,0.2,0,0,0,0,0
106,9000_to_9099,9049.5,10,10,1,9,0.8260225,0.8260225,1.2360820000000001,1.9192,0.9710221555555556,0.9710221555555556,0.8260225,0.8260225,1.2360820000000001,1.9192,0.9710221555555556,0.9710221555555556,1,0,0,0,0,0,0
237,9000_to_9099,9049.5,10,10,1,5,1.2055637000000001,1.2055637000000001,0.9940610000000001,2.9419510000000004,1.5883442444444444,1.5883442444444444,1.2055637000000001,1.2055637000000001,0.9940610000000001,2.9419510000000004,1.5883442444444444,1.5883442444444444,1,0,0,0,0,0,0
70,9000_to_9099,9049.5,10,10,2,5,13.330081400000001,3.9248735000000003,19.537712000000003,26.370089999999998,15.157350977777778,6.1678914,13.330081400000001,3.9248735000000003,19.537712000000003,26.370089999999998,15.157350977777778,6.1678914,0.6,0.4,0,0,0,0,0
724,9000_to_9099,9049.5,10,10,2,6,4.8664882,4.969457666666667,3.020327,12.527325,7.713643066666666,7.562172888888889,4.8664882,4.969457666666667,3.020327,12.527325,7.713643066666666,7.562172888888889,0.9,0.1,0,0,0,0,0
727,9000_to_9099,9049.5,10,10,1,1,0.47710360000000007,0.47710360000000007,0.294598,1.003512,0.5259403555555555,0.5259403555555555,0.47710360000000007,0.47710360000000007,0.294598,1.003512,0.5259403555555555,0.5259403555555555,1,0,0,0,0,0,0
911,9000_to_9099,9049.5,10,10,3,5,3.3931506999999996,3.0813180000000004,8.191185,12.306502000000002,5.822677622222223,4.7581396,3.3931506999999996,3.0813180000000004,8.191185,12.306502000000002,5.822677622222223,4.7581396,0.5,0.4,0.1,0,0,0,0
94,9000_to_9099,9049.5,10,10,3,3,2.8795512999999997,1.0367506666666666,2.6772489999999998,5.944696,3.2527128666666667,1.2046514666666666,2.8795512999999997,1.0367506666666666,2.6772489999999998,5.944696,3.2527128666666667,1.2046514666666666,0.6,0.3,0.1,0,0,0,0
949,9000_to_9099,9049.5,10,10,3,5,16.7512761,7.856746,22.160956999999996,43.15029799999999,24.06289153333333,13.288513333333334,16.7512761,7.856746,22.160956999999996,43.15029799999999,24.06289153333333,13.288513333333334,0.7,0.2,0.1,0,0,0,0
105,9100_to_9199,9149.5,10,10,2,2,4.181706199999999,1.45724025,5.540173,9.668676,3.7778455111111113,1.9878325000000001,4.181706199999999,1.45724025,5.540173,9.668676,3.7778455111111113,1.9878325000000001,0.8,0.2,0,0,0,0,0
106,9100_to_9199,9149.5,10,10,1,2,1.0893391,1.0893391,1.6841570000000001,2.6112100000000007,1.3211472666666668,1.3211472666666668,1.0893391,1.0893391,1.6841570000000001,2.6112100000000007,1.3211472666666668,1.3211472666666668,1,0,0,0,0,0,0
237,9100_to_9199,9149.5,10,10,1,1,1.1818372,1.1818372,0.983838,3.432358,1.7895740888888887,1.7895740888888887,1.1818372,1.1818372,0.983838,3.432358,1.7895740888888887,1.7895740888888887,1,0,0,0,0,0,0
70,9100_to_9199,9149.5,10,10,2,6,9.821612899999998,3.620748500000001,13.006357999999997,21.577849999999998,10.893248733333332,4.314555533333333,9.821612899999998,3.620748500000001,13.006357999999997,21.577849999999998,10.893248733333332,4.314555533333333,0.6,0.4,0,0,0,0,0
724,9100_to_9199,9149.5,10,10,1,6,4.9610634000000005,4.9610634000000005,3.978453,13.743654,7.380932888888889,7.380932888888889,4.9610634000000005,4.9610634000000005,3.978453,13.743654,7.380932888888889,7.380932888888889,1,0,0,0,0,0,0
727,9100_to_9199,9149.5,10,10,1,4,0.4564583,0.4564583,0.311837,1.041821,0.46722033333333335,0.46722033333333335,0.4564583,0.4564583,0.311837,1.041821,0.46722033333333335,0.46722033333333335,1,0,0,0,0,0,0
911,9100_to_9199,9149.5,10,10,1,4,2.5168942999999997,2.5168942999999997,3.14734,7.782288000000001,4.026943133333333,4.026943133333333,2.5168942999999997,2.5168942999999997,3.14734,7.782288000000001,4.026943133333333,4.026943133333333,1,0,0,0,0,0,0
94,9100_to_9199,9149.5,10,10,2,7,1.3083373,1.2026715555555556,1.639236,3.8212309999999996,1.9940972222222222,1.9068521666666667,1.3083373,1.2026715555555556,1.639236,3.8212309999999996,1.9940972222222222,1.9068521666666667,0.9,0.1,0,0,0,0,0
949,9100_to_9199,9149.5,10,10,6,6,12.735291,5.796579000000001,13.676307000000001,42.68190399999999,22.433155466666665,7.772844666666667,12.735291,5.796579000000001,13.676307000000001,42.68190399999999,22.433155466666665,7.772844666666667,0.4,0.2,0.1,0.1,0.1,0.1,0
105,9200_to_9299,9249.5,10,10,2,3,4.5651976,2.87779325,4.922065,11.869587,4.651372666666667,2.8914090000000003,4.5651976,2.87779325,4.922065,11.869587,4.651372666666667,2.8914090000000003,0.8,0.2,0,0,0,0,0
106,9200_to_9299,9249.5,10,10,2,2,1.2080172999999998,0.134977,1.805511,2.829426,1.4628282888888888,0.24105373333333333,1.2080172999999998,0.134977,1.805511,2.829426,1.4628282888888888,0.24105373333333333,0.6,0.4,0,0,0,0,0
237,9200_to_9299,9249.5,10,10,1,1,1.7280433,1.7280433,1.426584,4.3030289999999995,1.8262714444444443,1.8262714444444443,1.7280433,1.7280433,1.426584,4.3030289999999995,1.8262714444444443,1.8262714444444443,1,0,0,0,0,0,0
70,9200_to_9299,9249.5,10,10,2,4,9.8651269,3.6221851666666667,12.861565,20.411672000000003,11.5300966,5.283701,9.8651269,3.6221851666666667,12.861565,20.411672000000003,11.5300966,5.283701,0.6,0.4,0,0,0,0,0
724,9200_to_9299,9249.5,10,10,1,5,3.5307914000000005,3.5307914000000005,2.682926,8.408339999999999,5.880721111111111,5.880721111111111,3.5307914000000005,3.5307914000000005,2.682926,8.408339999999999,5.880721111111111,5.880721111111111,1,0,0,0,0,0,0
727,9200_to_9299,9249.5,10,10,1,1,0.41464039999999996,0.41464039999999996,0.190822,0.7454559999999999,0.4264907111111111,0.4264907111111111,0.41464039999999996,0.41464039999999996,0.190822,0.7454559999999999,0.4264907111111111,0.4264907111111111,1,0,0,0,0,0,0
911,9200_to_9299,9249.5,10,10,1,3,3.154397,3.154397,2.879369,8.731184,4.274056311111111,4.274056311111111,3.154397,3.154397,2.879369,8.731184,4.274056311111111,4.274056311111111,1,0,0,0,0,0,0
94,9200_to_9299,9249.5,10,10,1,4,1.5611533,1.5611533,1.42049,3.746631,2.0834227777777774,2.0834227777777774,1.5611533,1.5611533,1.42049,3.746631,2.0834227777777774,2.0834227777777774,1,0,0,0,0,0,0
949,9200_to_9299,9249.5,10,10,3,3,16.763128799999997,9.856420599999998,14.633485999999998,44.810783,25.454852844444442,14.8951818,16.763128799999997,9.856420599999998,14.633485999999998,44.810783,25.454852844444442,14.8951818,0.5,0.3,0.2,0,0,0,0
105,9300_to_9399,9349.5,10,10,2,2,3.074274,2.3864633750000004,2.630033,6.435004,3.2781578666666666,2.2602524642857142,3.074274,2.3864633750000004,2.630033,6.435004,3.2781578666666666,2.2602524642857142,0.8,0.2,0,0,0,0,0
106,9300_to_9399,9349.5,10,10,2,2,0.9698800999999999,0.12575966666666666,1.8063000000000002,2.339109,1.2670232222222222,0.196128,0.9698800999999999,0.12575966666666666,1.8063000000000002,2.339109,1.2670232222222222,0.196128,0.6,0.4,0,0,0,0,0
237,9300_to_9399,9349.5,10,10,1,3,0.9036948,0.9036948,0.922486,2.783517,1.2266216444444444,1.2266216444444444,0.9036948,0.9036948,0.922486,2.783517,1.2266216444444444,1.2266216444444444,1,0,0,0,0,0,0
70,9300_to_9399,9349.5,10,10,3,3,3.3524619,3.6415132,3.246743,10.018429000000001,4.9734146444444445,3.9154312,3.3524619,3.6415132,3.246743,10.018429000000001,4.9734146444444445,3.9154312,0.5,0.4,0.1,0,0,0,0
724,9300_to_9399,9349.5,10,10,2,3,3.2796575,2.600660285714286,3.8048610000000003,8.953052,5.300519488888889,4.222369047619048,3.2796575,2.600660285714286,3.8048610000000003,8.953052,5.300519488888889,4.222369047619048,0.7,0.3,0,0,0,0,0
727,9300_to_9399,9349.5,10,10,1,9,0.31750369999999994,0.31750369999999994,0.279421,1.0017939999999999,0.5469714,0.5469714,0.31750369999999994,0.31750369999999994,0.279421,1.0017939999999999,0.5469714,0.5469714,1,0,0,0,0,0,0
911,9300_to_9399,9349.5,10,10,1,1,3.1041693,3.1041693,2.414533,7.422536,3.8194180666666666,3.8194180666666666,3.1041693,3.1041693,2.414533,7.422536,3.8194180666666666,3.8194180666666666,1,0,0,0,0,0,0
94,9300_to_9399,9349.5,10,10,1,3,1.9336352,1.9336352,3.102901,5.2815970000000005,2.7470494666666667,2.7470494666666667,1.9336352,1.9336352,3.102901,5.2815970000000005,2.7470494666666667,2.7470494666666667,1,0,0,0,0,0,0
949,9300_to_9399,9349.5,10,10,3,3,7.6975912,5.665292000000001,8.077693,16.977834,10.744770933333333,9.199785,7.6975912,5.665292000000001,8.077693,16.977834,10.744770933333333,9.199785,0.8,0.1,0.1,0,0,0,0
105,9400_to_9499,9449.5,10,10,2,5,2.3315164999999998,1.232398,5.984688,8.825673000000002,3.4992012222222226,1.471216,2.3315164999999998,1.232398,5.984688,8.825673000000002,3.4992012222222226,1.471216,0.8,0.2,0,0,0,0,0
106,9400_to_9499,9449.5,10,10,2,2,0.7302337999999999,0.15802933333333333,1.170512,1.91991,0.973204311111111,0.19491826666666667,0.7302337999999999,0.15802933333333333,1.170512,1.91991,0.973204311111111,0.19491826666666667,0.6,0.4,0,0,0,0,0
237,9400_to_9499,9449.5,10,10,1,3,0.6589409,0.6589409,0.669918,2.0280110000000002,0.9640899333333334,0.9640899333333334,0.6589409,0.6589409,0.669918,2.0280110000000002,0.9640899333333334,0.9640899333333334,1,0,0,0,0,0,0
70,9400_to_9499,9449.5,10,10,2,8,4.1591603,4.238067,3.4490000000000003,10.509129999999999,5.937583222222222,5.500212277777778,4.1591603,4.238067,3.4490000000000003,10.509129999999999,5.937583222222222,5.500212277777778,0.9,0.1,0,0,0,0,0
724,9400_to_9499,9449.5,10,10,2,4,2.8958416,2.7498062857142855,3.531884,8.398973999999999,4.831219866666666,4.348005523809523,2.8958416,2.7498062857142855,3.531884,8.398973999999999,4.831219866666666,4.348005523809523,0.7,0.3,0,0,0,0,0
727,9400_to_9499,9449.5,10,10,1,1,0.2552487,0.2552487,0.30216,0.979266,0.43533544444444444,0.43533544444444444,0.2552487,0.2552487,0.30216,0.979266,0.43533544444444444,0.43533544444444444,1,0,0,0,0,0,0
911,9400_to_9499,9449.5,10,10,1,2,2.7844145999999994,2.7844145999999994,1.999871,6.379652,3.6053336000000002,3.6053336000000002,2.7844145999999994,2.7844145999999994,1.999871,6.379652,3.6053336000000002,3.6053336000000002,1,0,0,0,0,0,0
94,9400_to_9499,9449.5,10,10,1,2,1.2441809000000001,1.2441809000000001,1.089316,2.6099520000000003,1.5551182888888888,1.5551182888888888,1.2441809000000001,1.2441809000000001,1.089316,2.6099520000000003,1.5551182888888888,1.5551182888888888,1,0,0,0,0,0,0
949,9400_to_9499,9449.5,10,10,4,4,11.259943699999999,9.078853800000001,11.029240999999999,30.102783,18.763958511111113,15.6668682,11.259943699999999,9.078853800000001,11.029240999999999,30.102783,18.763958511111113,15.6668682,0.5,0.3,0.1,0.1,0,0,0
105,9500_to_9599,9549.5,10,10,1,2,1.8138323999999997,1.8138323999999997,2.091819,4.429761,2.5304022666666666,2.5304022666666666,1.8138323999999997,1.8138323999999997,2.091819,4.429761,2.5304022666666666,2.5304022666666666,1,0,0,0,0,0,0
106,9500_to_9599,9549.5,10,10,2,5,1.2011215999999998,0.11821416666666666,2.115491,3.5020580000000003,1.6848820000000002,0.1869102,1.2011215999999998,0.11821416666666666,2.115491,3.5020580000000003,1.6848820000000002,0.1869102,0.6,0.4,0,0,0,0,0
237,9500_to_9599,9549.5,10,10,1,1,0.7876737,0.7876737,0.925791,2.8643600000000005,1.297391,1.297391,0.7876737,0.7876737,0.925791,2.8643600000000005,1.297391,1.297391,1,0,0,0,0,0,0
70,9500_to_9599,9549.5,10,10,3,5,3.8979483000000004,0.702504,2.812376,10.836786,6.2812037555555555,1.1928809999999999,3.8979483000000004,0.702504,2.812376,10.836786,6.2812037555555555,1.1928809999999999,0.4,0.4,0.2,0,0,0,0
724,9500_to_9599,9549.5,10,10,2,5,2.5460064,2.0484516666666663,2.8100870000000002,7.3931770000000006,4.305398533333333,3.6677498666666666,2.5460064,2.0484516666666663,2.8100870000000002,7.3931770000000006,4.305398533333333,3.6677498666666666,0.6,0.4,0,0,0,0,0
727,9500_to_9599,9549.5,10,10,1,1,0.5629931,0.5629931,0.413678,0.8994920000000001,0.4115729111111111,0.4115729111111111,0.5629931,0.5629931,0.413678,0.8994920000000001,0.4115729111111111,0.4115729111111111,1,0,0,0,0,0,0
911,9500_to_9599,9549.5,10,10,1,1,1.6864639000000001,1.6864639000000001,2.041514,6.232721999999999,2.9368780666666665,2.9368780666666665,1.6864639000000001,1.6864639000000001,2.041514,6.232721999999999,2.9368780666666665,2.9368780666666665,1,0,0,0,0,0,0
94,9500_to_9599,9549.5,10,10,1,2,1.7934046,1.7934046,0.910827,4.318852,2.3411292444444443,2.3411292444444443,1.7934046,1.7934046,0.910827,4.318852,2.3411292444444443,2.3411292444444443,1,0,0,0,0,0,0
949,9500_to_9599,9549.5,10,10,3,3,14.79537,8.522848333333334,11.504345,31.275630999999997,21.13292951111111,15.708732933333334,14.79537,8.522848333333334,11.504345,31.275630999999997,21.13292951111111,15.708732933333334,0.6,0.3,0.1,0,0,0,0
105,9600_to_9699,9649.5,10,10,2,2,2.3466744000000004,1.276557125,4.794569999999999,7.01141,3.229745733333333,1.5799483214285714,2.3466744000000004,1.276557125,4.794569999999999,7.01141,3.229745733333333,1.5799483214285714,0.8,0.2,0,0,0,0,0
106,9600_to_9699,9649.5,10,10,1,2,0.9188039,0.9188039,1.4577239999999998,2.075203,1.1309188666666665,1.1309188666666665,0.9188039,0.9188039,1.4577239999999998,2.075203,1.1309188666666665,1.1309188666666665,1,0,0,0,0,0,0
237,9600_to_9699,9649.5,10,10,1,3,1.1277612000000001,1.1277612000000001,1.100015,2.391541,1.194649688888889,1.194649688888889,1.1277612000000001,1.1277612000000001,1.100015,2.391541,1.194649688888889,1.194649688888889,1,0,0,0,0,0,0
70,9600_to_9699,9649.5,10,10,2,5,2.9594514,2.93302175,3.196238,9.204316,4.807204177777778,4.203746857142857,2.9594514,2.93302175,3.196238,9.204316,4.807204177777778,4.203746857142857,0.8,0.2,0,0,0,0,0
724,9600_to_9699,9649.5,10,10,2,5,3.3174593000000003,3.203095555555556,4.346725,8.942561,5.712023266666667,5.252573944444444,3.3174593000000003,3.203095555555556,4.346725,8.942561,5.712023266666667,5.252573944444444,0.9,0.1,0,0,0,0,0
727,9600_to_9699,9649.5,10,10,1,1,0.3756553,0.3756553,0.277077,0.800377,0.39769424444444446,0.39769424444444446,0.3756553,0.3756553,0.277077,0.800377,0.39769424444444446,0.39769424444444446,1,0,0,0,0,0,0
911,9600_to_9699,9649.5,10,10,1,2,1.7477494,1.7477494,3.04358,5.421082,2.834159777777778,2.834159777777778,1.7477494,1.7477494,3.04358,5.421082,2.834159777777778,2.834159777777778,1,0,0,0,0,0,0
94,9600_to_9699,9649.5,10,10,1,3,1.9605880000000002,1.9605880000000002,1.126884,4.179314000000001,2.198561777777778,2.198561777777778,1.9605880000000002,1.9605880000000002,1.126884,4.179314000000001,2.198561777777778,2.198561777777778,1,0,0,0,0,0,0
949,9600_to_9699,9649.5,10,10,3,3,11.483138400000001,10.585799999999999,9.80751,34.547761,17.566274044444445,13.3843074,11.483138400000001,10.585799999999999,9.80751,34.547761,17.566274044444445,13.3843074,0.5,0.4,0.1,0,0,0,0
105,9700_to_9799,9749.5,10,10,3,3,3.2056705,1.2642112857142855,2.397998,5.212948999999999,2.862938822222222,1.1660498095238094,3.2056705,1.2642112857142855,2.397998,5.212948999999999,2.862938822222222,1.1660498095238094,0.7,0.2,0.1,0,0,0,0
106,9700_to_9799,9749.5,10,10,2,2,1.0935267000000002,0.1665116666666667,1.7120009999999999,2.223873,1.2097288666666666,0.16099,1.0935267000000002,0.1665116666666667,1.7120009999999999,2.223873,1.2097288666666666,0.16099,0.6,0.4,0,0,0,0,0
237,9700_to_9799,9749.5,10,10,1,4,0.7112249,0.7112249,0.639144,2.1209569999999998,0.9876353111111111,0.9876353111111111,0.7112249,0.7112249,0.639144,2.1209569999999998,0.9876353111111111,0.9876353111111111,1,0,0,0,0,0,0
70,9700_to_9799,9749.5,10,10,3,6,3.0627934999999997,2.086433,2.823887,8.177420000000001,4.161613222222222,2.9522201904761904,3.0627934999999997,2.086433,2.823887,8.177420000000001,4.161613222222222,2.9522201904761904,0.7,0.2,0.1,0,0,0,0
724,9700_to_9799,9749.5,10,10,1,3,2.2165875999999995,2.2165875999999995,2.910474,6.3616209999999995,3.4019808888888887,3.4019808888888887,2.2165875999999995,2.2165875999999995,2.910474,6.3616209999999995,3.4019808888888887,3.4019808888888887,1,0,0,0,0,0,0
727,9700_to_9799,9749.5,10,10,1,1,0.49760540000000003,0.49760540000000003,0.218594,0.744038,0.3424187111111111,0.3424187111111111,0.49760540000000003,0.49760540000000003,0.218594,0.744038,0.3424187111111111,0.3424187111111111,1,0,0,0,0,0,0
911,9700_to_9799,9749.5,10,10,2,3,1.80624,1.6620575555555555,3.1038809999999994,6.937876999999999,2.771450088888889,2.2728281666666668,1.80624,1.6620575555555555,3.1038809999999994,6.937876999999999,2.771450088888889,2.2728281666666668,0.9,0.1,0,0,0,0,0
94,9700_to_9799,9749.5,10,10,1,5,1.4806206999999998,1.4806206999999998,1.306741,3.0751299999999997,1.6665443333333332,1.6665443333333332,1.4806206999999998,1.4806206999999998,1.306741,3.0751299999999997,1.6665443333333332,1.6665443333333332,1,0,0,0,0,0,0
949,9700_to_9799,9749.5,10,10,1,1,9.0403365,9.0403365,8.629573,19.349725,12.665460466666666,12.665460466666666,9.0403365,9.0403365,8.629573,19.349725,12.665460466666666,12.665460466666666,1,0,0,0,0,0,0
105,9800_to_9899,9849.5,10,10,3,5,1.4584884000000002,0.5033594285714286,2.4142180000000004,4.821897000000001,2.3932727555555555,0.7164685714285713,1.4584884000000002,0.5033594285714286,2.4142180000000004,4.821897000000001,2.3932727555555555,0.7164685714285713,0.7,0.2,0.1,0,0,0,0
106,9800_to_9899,9849.5,10,10,1,5,0.7104541999999999,0.7104541999999999,1.019765,1.5396150000000002,0.7754688444444444,0.7754688444444444,0.7104541999999999,0.7104541999999999,1.019765,1.5396150000000002,0.7754688444444444,0.7754688444444444,1,0,0,0,0,0,0
237,9800_to_9899,9849.5,10,10,1,4,0.39325259999999995,0.39325259999999995,0.357875,1.219051,0.6229510222222222,0.6229510222222222,0.39325259999999995,0.39325259999999995,0.357875,1.219051,0.6229510222222222,0.6229510222222222,1,0,0,0,0,0,0
70,9800_to_9899,9849.5,10,10,3,7,3.4440922,0.8586193999999999,4.47547,10.739569,5.159808755555556,1.5020989999999999,3.4440922,0.8586193999999999,4.47547,10.739569,5.159808755555556,1.5020989999999999,0.5,0.4,0.1,0,0,0,0
724,9800_to_9899,9849.5,10,10,1,7,1.9215957000000004,1.9215957000000004,1.707303,4.700044999999999,2.8253849555555557,2.8253849555555557,1.9215957000000004,1.9215957000000004,1.707303,4.700044999999999,2.8253849555555557,2.8253849555555557,1,0,0,0,0,0,0
727,9800_to_9899,9849.5,10,10,1,1,0.30015179999999997,0.30015179999999997,0.181598,0.65507,0.3311292,0.3311292,0.30015179999999997,0.30015179999999997,0.181598,0.65507,0.3311292,0.3311292,1,0,0,0,0,0,0
911,9800_to_9899,9849.5,10,10,1,1,1.4606073,1.4606073,1.227242,3.713913,1.913485,1.913485,1.4606073,1.4606073,1.227242,3.713913,1.913485,1.913485,1,0,0,0,0,0,0
94,9800_to_9899,9849.5,10,10,2,9,0.8794451000000001,0.7598081111111111,1.4267919999999998,2.7409179999999997,1.2596501555555555,1.0012044444444443,0.8794451000000001,0.7598081111111111,1.4267919999999998,2.7409179999999997,1.2596501555555555,1.0012044444444443,0.9,0.1,0,0,0,0,0
949,9800_to_9899,9849.5,10,10,1,1,3.9922888,3.9922888,5.833571,14.461403,6.9368884444444445,6.9368884444444445,3.9922888,3.9922888,5.833571,14.461403,6.9368884444444445,6.9368884444444445,1,0,0,0,0,0,0
105,9900_to_9999,9949.5,10,10,2,6,2.5584358000000003,1.476679875,5.996047000000001,8.604227,3.8812054222222225,1.9453218928571427,2.5584358000000003,1.476679875,5.996047000000001,8.604227,3.8812054222222225,1.9453218928571427,0.8,0.2,0,0,0,0,0
106,9900_to_9999,9949.5,10,10,1,5,0.8308158000000001,0.8308158000000001,1.157361,1.984756,1.0302188888888888,1.0302188888888888,0.8308158000000001,0.8308158000000001,1.157361,1.984756,1.0302188888888888,1.0302188888888888,1,0,0,0,0,0,0
237,9900_to_9999,9949.5,10,10,1,5,0.8445715,0.8445715,0.595282,1.680421,0.9577064666666666,0.9577064666666666,0.8445715,0.8445715,0.595282,1.680421,0.9577064666666666,0.9577064666666666,1,0,0,0,0,0,0
70,9900_to_9999,9949.5,10,10,3,5,7.6991168000000005,0.8764325,6.945047,17.683315999999998,9.620156666666666,1.1256376666666668,7.6991168000000005,0.8764325,6.945047,17.683315999999998,9.620156666666666,1.1256376666666668,0.4,0.3,0.3,0,0,0,0
724,9900_to_9999,9949.5,10,10,1,4,3.9484022000000003,3.9484022000000003,2.781805,10.559317,6.1840235111111115,6.1840235111111115,3.9484022000000003,3.9484022000000003,2.781805,10.559317,6.1840235111111115,6.1840235111111115,1,0,0,0,0,0,0
727,9900_to_9999,9949.5,10,10,1,6,0.3313446,0.3313446,0.542616,1.095792,0.5194830666666667,0.5194830666666667,0.3313446,0.3313446,0.542616,1.095792,0.5194830666666667,0.5194830666666667,1,0,0,0,0,0,0
911,9900_to_9999,9949.5,10,10,1,1,2.5977903000000007,2.5977903000000007,3.305779,8.199195,3.994997488888889,3.994997488888889,2.5977903000000007,2.5977903000000007,3.305779,8.199195,3.994997488888889,3.994997488888889,1,0,0,0,0,0,0
94,9900_to_9999,9949.5,10,10,2,2,1.5812841,1.1755125555555557,1.2248839999999999,3.1259059999999996,1.7798223333333334,1.6246787777777778,1.5812841,1.1755125555555557,1.2248839999999999,3.1259059999999996,1.7798223333333334,1.6246787777777778,0.9,0.1,0,0,0,0,0
949,9900_to_9999,9949.5,10,10,3,4,8.599218400000002,5.7972373333333325,13.665598,26.917443,15.453671377777777,9.939844933333333,8.599218400000002,5.7972373333333325,13.665598,26.917443,15.453671377777777,9.939844933333333,0.6,0.3,0.1,0,0,0,0
