host.id,tree.id,xcoord,tips,reads,subgraphs,clades,overall.rtt,largest.rtt,max.branch.length,max.pat.distance,global.mean.pat.distance,subgraph.mean.pat.distance,normalised.overall.rtt,normalised.largest.rtt,normalised.max.branch.length,normalised.max.pat.distance,normalised.global.mean.pat.distance,normalised.subgraph.mean.pat.distance,prop.gp.1,prop.gp.2,prop.gp.3
11,1000_to_1099,1049.5,20,20,1,1,0.67635835,0.67635835,0.476782,1.3872620000000004,0.8162817631578948,0.8162817631578948,0.67635835,0.67635835,0.476782,1.3872620000000004,0.8162817631578948,0.8162817631578948,1,0,0
21,1000_to_1099,1049.5,20,20,1,5,0.32271649999999996,0.32271649999999996,0.30723300000000003,0.8729429999999999,0.4224845052631579,0.4224845052631579,0.32271649999999996,0.32271649999999996,0.30723300000000003,0.8729429999999999,0.4224845052631579,0.4224845052631579,1,0,0
293,1000_to_1099,1049.5,20,20,2,3,3.6355413500000004,3.5404695294117654,3.1430499999999997,8.154061,4.88824022631579,4.719260529411764,3.6355413500000004,3.5404695294117654,3.1430499999999997,8.154061,4.88824022631579,4.719260529411764,0.85,0.15,0
356,1000_to_1099,1049.5,20,20,2,5,3.4527022500000006,2.907688642857143,2.773063,8.353909999999999,5.369957015789474,4.661309725274726,3.4527022500000006,2.907688642857143,2.773063,8.353909999999999,5.369957015789474,4.661309725274726,0.7,0.3,0
536,1000_to_1099,1049.5,20,20,1,1,4.9942431,4.9942431,4.666914,12.532405,8.677715831578947,8.677715831578947,4.9942431,4.9942431,4.666914,12.532405,8.677715831578947,8.677715831578947,1,0,0
799,1000_to_1099,1049.5,20,20,1,1,1.84415225,1.84415225,1.22523,4.498569999999999,3.010511910526316,3.010511910526316,1.84415225,1.84415225,1.22523,4.498569999999999,3.010511910526316,3.010511910526316,1,0,0
803,1000_to_1099,1049.5,20,20,1,2,2.5237488500000005,2.5237488500000005,3.933228,6.075376,2.7280830684210526,2.7280830684210526,2.5237488500000005,2.5237488500000005,3.933228,6.075376,2.7280830684210526,2.7280830684210526,1,0,0
11,10000_to_10099,10049.5,20,20,1,1,0.5959834500000001,0.5959834500000001,0.48681,1.2006670000000004,0.7727188368421053,0.7727188368421053,0.5959834500000001,0.5959834500000001,0.48681,1.2006670000000004,0.7727188368421053,0.7727188368421053,1,0,0
21,10000_to_10099,10049.5,20,20,1,3,0.3734140000000001,0.3734140000000001,0.26188100000000003,0.6809350000000001,0.3814162315789474,0.3814162315789474,0.3734140000000001,0.3734140000000001,0.26188100000000003,0.6809350000000001,0.3814162315789474,0.3814162315789474,1,0,0
293,10000_to_10099,10049.5,20,20,1,4,2.6729505,2.6729505,1.90947,5.972061,4.198280915789474,4.198280915789474,2.6729505,2.6729505,1.90947,5.972061,4.198280915789474,4.198280915789474,1,0,0
356,10000_to_10099,10049.5,20,20,2,5,3.5522401500000007,2.8435919285714286,2.794964,9.355388,5.308545731578947,4.256902912087912,3.5522401500000007,2.8435919285714286,2.794964,9.355388,5.308545731578947,4.256902912087912,0.7,0.3,0
536,10000_to_10099,10049.5,20,20,1,1,5.05348865,5.05348865,4.164693,11.020140000000001,7.736426394736842,7.736426394736842,5.05348865,5.05348865,4.164693,11.020140000000001,7.736426394736842,7.736426394736842,1,0,0
799,10000_to_10099,10049.5,20,20,1,1,1.4639396999999998,1.4639396999999998,1.319153,3.68196,2.4200776105263158,2.4200776105263158,1.4639396999999998,1.4639396999999998,1.319153,3.68196,2.4200776105263158,2.4200776105263158,1,0,0
803,10000_to_10099,10049.5,20,20,1,1,2.1535579,2.1535579,3.023588,4.975826,2.5723706105263155,2.5723706105263155,2.1535579,2.1535579,3.023588,4.975826,2.5723706105263155,2.5723706105263155,1,0,0
11,10200_to_10299,10249.5,20,20,1,1,0.7314663000000001,0.7314663000000001,0.590117,1.689311,0.9179275894736842,0.9179275894736842,0.7314663000000001,0.7314663000000001,0.590117,1.689311,0.9179275894736842,0.9179275894736842,1,0,0
21,10200_to_10299,10249.5,20,20,1,3,0.4140281,0.4140281,0.278106,0.823157,0.4104794,0.4104794,0.4140281,0.4140281,0.278106,0.823157,0.4104794,0.4104794,1,0,0
293,10200_to_10299,10249.5,20,20,1,3,3.642889699999999,3.642889699999999,2.833956,8.109122,5.102214757894737,5.102214757894737,3.642889699999999,3.642889699999999,2.833956,8.109122,5.102214757894737,5.102214757894737,1,0,0
356,10200_to_10299,10249.5,20,20,2,5,4.5421956,3.3260327142857142,3.514455,10.867607,6.665983042105263,5.177247164835165,4.5421956,3.3260327142857142,3.514455,10.867607,6.665983042105263,5.177247164835165,0.7,0.3,0
536,10200_to_10299,10249.5,20,20,1,2,5.839795349999998,5.839795349999998,4.796976,12.766562,9.28421482631579,9.28421482631579,5.839795349999998,5.839795349999998,4.796976,12.766562,9.28421482631579,9.28421482631579,1,0,0
799,10200_to_10299,10249.5,20,20,1,1,2.0920817,2.0920817,1.280353,5.027811000000001,3.1959716,3.1959716,2.0920817,2.0920817,1.280353,5.027811000000001,3.1959716,3.1959716,1,0,0
803,10200_to_10299,10249.5,20,20,1,1,3.2027341999999996,3.2027341999999996,4.159237,6.962676,3.2205937157894735,3.2205937157894735,3.2027341999999996,3.2027341999999996,4.159237,6.962676,3.2205937157894735,3.2205937157894735,1,0,0
11,10300_to_10399,10349.5,20,20,1,1,0.6268096000000001,0.6268096000000001,0.43871899999999997,1.311292,0.8162526631578947,0.8162526631578947,0.6268096000000001,0.6268096000000001,0.43871899999999997,1.311292,0.8162526631578947,0.8162526631578947,1,0,0
21,10300_to_10399,10349.5,20,20,1,4,0.27537834999999994,0.27537834999999994,0.314635,0.811084,0.4171904052631579,0.4171904052631579,0.27537834999999994,0.27537834999999994,0.314635,0.811084,0.4171904052631579,0.4171904052631579,1,0,0
293,10300_to_10399,10349.5,20,20,1,4,3.5184378499999993,3.5184378499999993,3.437498,7.591956,4.649267005263158,4.649267005263158,3.5184378499999993,3.5184378499999993,3.437498,7.591956,4.649267005263158,4.649267005263158,1,0,0
356,10300_to_10399,10349.5,20,20,2,5,4.004424599999999,3.450690571428571,2.748968,9.946093,6.108556589473684,5.099798131868131,4.004424599999999,3.450690571428571,2.748968,9.946093,6.108556589473684,5.099798131868131,0.7,0.3,0
536,10300_to_10399,10349.5,20,20,1,2,5.3240896,5.3240896,5.529735,12.116776999999999,8.27121827368421,8.27121827368421,5.3240896,5.3240896,5.529735,12.116776999999999,8.27121827368421,8.27121827368421,1,0,0
799,10300_to_10399,10349.5,20,20,1,1,1.4920905999999998,1.4920905999999998,1.187863,4.09346,2.4009734842105264,2.4009734842105264,1.4920905999999998,1.4920905999999998,1.187863,4.09346,2.4009734842105264,2.4009734842105264,1,0,0
803,10300_to_10399,10349.5,20,20,1,1,2.5912929499999997,2.5912929499999997,3.288812,5.436673,2.8203120999999998,2.8203120999999998,2.5912929499999997,2.5912929499999997,3.288812,5.436673,2.8203120999999998,2.8203120999999998,1,0,0
11,10500_to_10599,10549.5,20,20,1,1,0.61257225,0.61257225,0.55298,1.328669,0.8559514894736843,0.8559514894736843,0.61257225,0.61257225,0.55298,1.328669,0.8559514894736843,0.8559514894736843,1,0,0
21,10500_to_10599,10549.5,20,20,1,3,0.37442995,0.37442995,0.315727,0.947291,0.4439865947368421,0.4439865947368421,0.37442995,0.37442995,0.315727,0.947291,0.4439865947368421,0.4439865947368421,1,0,0
293,10500_to_10599,10549.5,20,20,1,3,3.9462089500000004,3.9462089500000004,2.92516,8.614780000000001,5.070394594736842,5.070394594736842,3.9462089500000004,3.9462089500000004,2.92516,8.614780000000001,5.070394594736842,5.070394594736842,1,0,0
356,10500_to_10599,10549.5,20,20,2,4,3.955444299999999,3.3975367142857142,2.6037209999999997,10.601545999999999,6.046763357894737,4.7151532747252745,3.955444299999999,3.3975367142857142,2.6037209999999997,10.601545999999999,6.046763357894737,4.7151532747252745,0.7,0.3,0
536,10500_to_10599,10549.5,20,20,1,1,4.4930619,4.4930619,3.434255,10.962727999999998,7.994864084210526,7.994864084210526,4.4930619,4.4930619,3.434255,10.962727999999998,7.994864084210526,7.994864084210526,1,0,0
799,10500_to_10599,10549.5,20,20,1,1,1.6666178999999997,1.6666178999999997,1.081474,4.495285999999999,2.7961254842105263,2.7961254842105263,1.6666178999999997,1.6666178999999997,1.081474,4.495285999999999,2.7961254842105263,2.7961254842105263,1,0,0
803,10500_to_10599,10549.5,20,20,1,1,2.5950276499999996,2.5950276499999996,3.6630969999999996,5.987711,2.7768952684210526,2.7768952684210526,2.5950276499999996,2.5950276499999996,3.6630969999999996,5.987711,2.7768952684210526,2.7768952684210526,1,0,0
11,10700_to_10799,10749.5,20,20,1,1,1.1138857000000002,1.1138857000000002,1.122886,2.4231839999999996,1.4553989368421052,1.4553989368421052,1.1138857000000002,1.1138857000000002,1.122886,2.4231839999999996,1.4553989368421052,1.4553989368421052,1,0,0
21,10700_to_10799,10749.5,20,20,1,7,0.51864105,0.51864105,0.589611,1.1491149999999999,0.5866841315789474,0.5866841315789474,0.51864105,0.51864105,0.589611,1.1491149999999999,0.5866841315789474,0.5866841315789474,1,0,0
293,10700_to_10799,10749.5,20,20,1,3,5.1622049,5.1622049,4.7517689999999995,11.866501,7.249843273684211,7.249843273684211,5.1622049,5.1622049,4.7517689999999995,11.866501,7.249843273684211,7.249843273684211,1,0,0
356,10700_to_10799,10749.5,20,20,2,4,5.693384,5.079625,3.978456,13.779311,9.1388986,7.625874197802197,5.693384,5.079625,3.978456,13.779311,9.1388986,7.625874197802197,0.7,0.3,0
536,10700_to_10799,10749.5,20,20,1,1,7.356962449999999,7.356962449999999,5.280449,17.954449,12.239898257894737,12.239898257894737,7.356962449999999,7.356962449999999,5.280449,17.954449,12.239898257894737,12.239898257894737,1,0,0
799,10700_to_10799,10749.5,20,20,1,1,2.5633330500000002,2.5633330500000002,2.029534,6.5302109999999995,4.214822510526316,4.214822510526316,2.5633330500000002,2.5633330500000002,2.029534,6.5302109999999995,4.214822510526316,4.214822510526316,1,0,0
803,10700_to_10799,10749.5,20,20,1,1,4.106881200000002,4.106881200000002,5.5533850000000005,8.971617,4.566633673684211,4.566633673684211,4.106881200000002,4.106881200000002,5.5533850000000005,8.971617,4.566633673684211,4.566633673684211,1,0,0
11,10800_to_10899,10849.5,20,20,1,1,0.69780635,0.69780635,0.496518,1.454844,0.9175736894736841,0.9175736894736841,0.69780635,0.69780635,0.496518,1.454844,0.9175736894736841,0.9175736894736841,1,0,0
21,10800_to_10899,10849.5,20,20,1,3,0.3103575500000001,0.3103575500000001,0.33540800000000004,0.782757,0.39908267894736843,0.39908267894736843,0.3103575500000001,0.3103575500000001,0.33540800000000004,0.782757,0.39908267894736843,0.39908267894736843,1,0,0
293,10800_to_10899,10849.5,20,20,1,3,3.9841145999999994,3.9841145999999994,3.46352,9.055952999999999,5.388355589473684,5.388355589473684,3.9841145999999994,3.9841145999999994,3.46352,9.055952999999999,5.388355589473684,5.388355589473684,1,0,0
356,10800_to_10899,10849.5,20,20,2,4,4.1184810999999995,3.548305357142857,2.869084,9.590619000000002,6.278886178947369,5.176205241758242,4.1184810999999995,3.548305357142857,2.869084,9.590619000000002,6.278886178947369,5.176205241758242,0.7,0.3,0
536,10800_to_10899,10849.5,20,20,1,1,5.21008005,5.21008005,3.918665,11.496219000000002,8.603643531578948,8.603643531578948,5.21008005,5.21008005,3.918665,11.496219000000002,8.603643531578948,8.603643531578948,1,0,0
799,10800_to_10899,10849.5,20,20,1,1,1.8344736999999998,1.8344736999999998,1.258085,4.634810999999999,2.8799979894736842,2.8799979894736842,1.8344736999999998,1.8344736999999998,1.258085,4.634810999999999,2.8799979894736842,2.8799979894736842,1,0,0
803,10800_to_10899,10849.5,20,20,1,1,3.324850599999999,3.324850599999999,3.5988290000000003,5.678938,2.9119658947368423,2.9119658947368423,3.324850599999999,3.324850599999999,3.5988290000000003,5.678938,2.9119658947368423,2.9119658947368423,1,0,0
11,1100_to_1199,1149.5,20,20,1,1,0.7385122000000001,0.7385122000000001,0.614399,1.4884089999999999,0.9851290947368421,0.9851290947368421,0.7385122000000001,0.7385122000000001,0.614399,1.4884089999999999,0.9851290947368421,0.9851290947368421,1,0,0
21,1100_to_1199,1149.5,20,20,1,7,0.35973885,0.35973885,0.326365,0.7820469999999999,0.42469250000000003,0.42469250000000003,0.35973885,0.35973885,0.326365,0.7820469999999999,0.42469250000000003,0.42469250000000003,1,0,0
293,1100_to_1199,1149.5,20,20,1,3,4.088641,4.088641,2.663548,9.527118,5.254515515789474,5.254515515789474,4.088641,4.088641,2.663548,9.527118,5.254515515789474,5.254515515789474,1,0,0
356,1100_to_1199,1149.5,20,20,2,5,4.35102275,3.505346285714286,3.698858,11.379432999999999,6.860681594736842,5.545822175824176,4.35102275,3.505346285714286,3.698858,11.379432999999999,6.860681594736842,5.545822175824176,0.7,0.3,0
536,1100_to_1199,1149.5,20,20,1,1,4.4952047,4.4952047,3.605472,11.112369999999999,8.109336389473684,8.109336389473684,4.4952047,4.4952047,3.605472,11.112369999999999,8.109336389473684,8.109336389473684,1,0,0
799,1100_to_1199,1149.5,20,20,1,1,2.1048628,2.1048628,1.475799,4.855229000000001,3.130471157894737,3.130471157894737,2.1048628,2.1048628,1.475799,4.855229000000001,3.130471157894737,3.130471157894737,1,0,0
803,1100_to_1199,1149.5,20,20,2,2,3.2905661000000004,2.1051926842105257,4.774908999999999,7.524589,3.3710043578947366,2.98110465497076,3.2905661000000004,2.1051926842105257,4.774908999999999,7.524589,3.3710043578947366,2.98110465497076,0.95,0.05,0
11,1300_to_1399,1349.5,20,20,1,1,0.7525607000000001,0.7525607000000001,0.913043,2.0107850000000003,1.1419432210526315,1.1419432210526315,0.7525607000000001,0.7525607000000001,0.913043,2.0107850000000003,1.1419432210526315,1.1419432210526315,1,0,0
21,1300_to_1399,1349.5,20,20,2,4,0.37635769999999996,0.35250737499999996,0.34366199999999997,0.948341,0.5230558526315789,0.37588256666666664,0.37635769999999996,0.35250737499999996,0.34366199999999997,0.948341,0.5230558526315789,0.37588256666666664,0.8,0.2,0
293,1300_to_1399,1349.5,20,20,1,3,5.325802049999999,5.325802049999999,3.840776,10.165819000000003,6.696724310526316,6.696724310526316,5.325802049999999,5.325802049999999,3.840776,10.165819000000003,6.696724310526316,6.696724310526316,1,0,0
356,1300_to_1399,1349.5,20,20,2,5,5.91588755,4.066423214285714,4.491935,12.908792,8.222286721052631,6.244255505494506,5.91588755,4.066423214285714,4.491935,12.908792,8.222286721052631,6.244255505494506,0.7,0.3,0
536,1300_to_1399,1349.5,20,20,1,1,6.121127499999998,6.121127499999998,4.409758,16.375975,10.827567631578948,10.827567631578948,6.121127499999998,6.121127499999998,4.409758,16.375975,10.827567631578948,10.827567631578948,1,0,0
799,1300_to_1399,1349.5,20,20,1,1,2.2904671500000005,2.2904671500000005,1.691342,5.773835,3.738645752631579,3.738645752631579,2.2904671500000005,2.2904671500000005,1.691342,5.773835,3.738645752631579,3.738645752631579,1,0,0
803,1300_to_1399,1349.5,20,20,1,1,3.712173699999999,3.712173699999999,5.050352,8.234738,4.035510978947369,4.035510978947369,3.712173699999999,3.712173699999999,5.050352,8.234738,4.035510978947369,4.035510978947369,1,0,0
11,1400_to_1499,1449.5,20,20,1,1,0.5973401999999999,0.5973401999999999,0.472033,1.2733349999999999,0.7351431157894737,0.7351431157894737,0.5973401999999999,0.5973401999999999,0.472033,1.2733349999999999,0.7351431157894737,0.7351431157894737,1,0,0
21,1400_to_1499,1449.5,20,20,1,8,0.38594905,0.38594905,0.256246,0.8780669999999999,0.39230692105263154,0.39230692105263154,0.38594905,0.38594905,0.256246,0.8780669999999999,0.39230692105263154,0.39230692105263154,1,0,0
293,1400_to_1499,1449.5,20,20,1,3,2.5480025,2.5480025,2.397503,6.011672,3.8458790526315787,3.8458790526315787,2.5480025,2.5480025,2.397503,6.011672,3.8458790526315787,3.8458790526315787,1,0,0
356,1400_to_1499,1449.5,20,20,2,5,3.2415488499999996,2.9705151428571424,2.284427,8.426666,5.19144657368421,4.399381208791209,3.2415488499999996,2.9705151428571424,2.284427,8.426666,5.19144657368421,4.399381208791209,0.7,0.3,0
536,1400_to_1499,1449.5,20,20,1,1,4.154963199999999,4.154963199999999,3.918928,9.12328,7.0375716105263155,7.0375716105263155,4.154963199999999,4.154963199999999,3.918928,9.12328,7.0375716105263155,7.0375716105263155,1,0,0
799,1400_to_1499,1449.5,20,20,1,1,1.4450131000000002,1.4450131000000002,1.296345,3.907319,2.3821362736842104,2.3821362736842104,1.4450131000000002,1.4450131000000002,1.296345,3.907319,2.3821362736842104,2.3821362736842104,1,0,0
803,1400_to_1499,1449.5,20,20,1,1,2.23763985,2.23763985,2.212199,4.042757,2.4126243736842103,2.4126243736842103,2.23763985,2.23763985,2.212199,4.042757,2.4126243736842103,2.4126243736842103,1,0,0
11,1600_to_1699,1649.5,20,20,1,1,0.7324374,0.7324374,0.48359,1.434267,0.952222147368421,0.952222147368421,0.7324374,0.7324374,0.48359,1.434267,0.952222147368421,0.952222147368421,1,0,0
21,1600_to_1699,1649.5,20,20,1,3,0.4984771500000001,0.4984771500000001,0.414746,0.973016,0.48002739473684214,0.48002739473684214,0.4984771500000001,0.4984771500000001,0.414746,0.973016,0.48002739473684214,0.48002739473684214,1,0,0
293,1600_to_1699,1649.5,20,20,1,3,3.7239452999999996,3.7239452999999996,2.8028690000000003,7.95405,5.073404810526316,5.073404810526316,3.7239452999999996,3.7239452999999996,2.8028690000000003,7.95405,5.073404810526316,5.073404810526316,1,0,0
356,1600_to_1699,1649.5,20,20,2,5,4.0555143,3.329451071428571,2.603509,10.121906999999998,6.403743778947368,5.254419461538462,4.0555143,3.329451071428571,2.603509,10.121906999999998,6.403743778947368,5.254419461538462,0.7,0.3,0
536,1600_to_1699,1649.5,20,20,1,1,5.117085,5.117085,3.860156,13.571344999999999,8.918682105263157,8.918682105263157,5.117085,5.117085,3.860156,13.571344999999999,8.918682105263157,8.918682105263157,1,0,0
799,1600_to_1699,1649.5,20,20,1,1,1.8233451500000002,1.8233451500000002,1.344671,4.97264,3.056703657894737,3.056703657894737,1.8233451500000002,1.8233451500000002,1.344671,4.97264,3.056703657894737,3.056703657894737,1,0,0
803,1600_to_1699,1649.5,20,20,2,2,3.33843465,2.0040377894736845,3.6699590000000004,7.308255,3.336374594736842,3.0766387953216374,3.33843465,2.0040377894736845,3.6699590000000004,7.308255,3.336374594736842,3.0766387953216374,0.95,0.05,0
11,1800_to_1899,1849.5,20,20,1,1,0.8577701,0.8577701,0.704707,1.7704559999999998,1.0239455368421053,1.0239455368421053,0.8577701,0.8577701,0.704707,1.7704559999999998,1.0239455368421053,1.0239455368421053,1,0,0
21,1800_to_1899,1849.5,20,20,1,5,0.68191155,0.68191155,0.44039599999999995,1.0883090000000002,0.5385487210526316,0.5385487210526316,0.68191155,0.68191155,0.44039599999999995,1.0883090000000002,0.5385487210526316,0.5385487210526316,1,0,0
293,1800_to_1899,1849.5,20,20,1,3,4.1531115,4.1531115,3.892875,9.775331999999999,5.426340852631578,5.426340852631578,4.1531115,4.1531115,3.892875,9.775331999999999,5.426340852631578,5.426340852631578,1,0,0
356,1800_to_1899,1849.5,20,20,2,5,5.3033529999999995,4.348209142857143,5.206308,14.478293999999998,8.000369905263158,6.4256440879120875,5.3033529999999995,4.348209142857143,5.206308,14.478293999999998,8.000369905263158,6.4256440879120875,0.7,0.3,0
536,1800_to_1899,1849.5,20,20,1,1,5.826359899999998,5.826359899999998,4.234182,14.067367999999998,10.177490336842105,10.177490336842105,5.826359899999998,5.826359899999998,4.234182,14.067367999999998,10.177490336842105,10.177490336842105,1,0,0
799,1800_to_1899,1849.5,20,20,1,1,2.0454551,2.0454551,1.8976,5.6085709999999995,3.441261,3.441261,2.0454551,2.0454551,1.8976,5.6085709999999995,3.441261,3.441261,1,0,0
803,1800_to_1899,1849.5,20,20,1,1,3.3750741500000006,3.3750741500000006,3.781438,6.523881,3.4038015842105263,3.4038015842105263,3.3750741500000006,3.3750741500000006,3.781438,6.523881,3.4038015842105263,3.4038015842105263,1,0,0
11,2000_to_2099,2049.5,20,20,1,1,0.95391335,0.95391335,0.7944910000000001,1.941631,1.156446742105263,1.156446742105263,0.95391335,0.95391335,0.7944910000000001,1.941631,1.156446742105263,1.156446742105263,1,0,0
21,2000_to_2099,2049.5,20,20,1,6,0.6293946499999998,0.6293946499999998,0.37584,1.037291,0.4998769421052631,0.4998769421052631,0.6293946499999998,0.6293946499999998,0.37584,1.037291,0.4998769421052631,0.4998769421052631,1,0,0
293,2000_to_2099,2049.5,20,20,1,3,4.638854200000001,4.638854200000001,4.186013,11.229114,6.6349553684210525,6.6349553684210525,4.638854200000001,4.638854200000001,4.186013,11.229114,6.6349553684210525,6.6349553684210525,1,0,0
356,2000_to_2099,2049.5,20,20,2,5,5.31518655,3.834042,4.131143,12.775361,8.146199836842104,6.014559868131868,5.31518655,3.834042,4.131143,12.775361,8.146199836842104,6.014559868131868,0.7,0.3,0
536,2000_to_2099,2049.5,20,20,1,1,6.6646997,6.6646997,5.279634,17.904394,11.677949463157894,11.677949463157894,6.6646997,6.6646997,5.279634,17.904394,11.677949463157894,11.677949463157894,1,0,0
799,2000_to_2099,2049.5,20,20,1,1,3.0000565999999997,3.0000565999999997,1.912307,7.481148999999999,4.078486063157895,4.078486063157895,3.0000565999999997,3.0000565999999997,1.912307,7.481148999999999,4.078486063157895,4.078486063157895,1,0,0
803,2000_to_2099,2049.5,20,20,1,1,3.9749581,3.9749581,4.047957,6.880971,3.7713882526315787,3.7713882526315787,3.9749581,3.9749581,4.047957,6.880971,3.7713882526315787,3.7713882526315787,1,0,0
11,2400_to_2499,2449.5,20,20,1,1,0.7308496499999999,0.7308496499999999,0.658393,1.780754,1.0258078684210525,1.0258078684210525,0.7308496499999999,0.7308496499999999,0.658393,1.780754,1.0258078684210525,1.0258078684210525,1,0,0
21,2400_to_2499,2449.5,20,20,1,7,0.5198789500000001,0.5198789500000001,0.32188700000000003,0.9270010000000001,0.4492821,0.4492821,0.5198789500000001,0.5198789500000001,0.32188700000000003,0.9270010000000001,0.4492821,0.4492821,1,0,0
293,2400_to_2499,2449.5,20,20,2,3,5.331067699999999,2.7410893124999998,6.081880999999999,11.634623999999999,6.452622694736842,4.606636908333333,5.331067699999999,2.7410893124999998,6.081880999999999,11.634623999999999,6.452622694736842,4.606636908333333,0.8,0.2,0
356,2400_to_2499,2449.5,20,20,2,5,5.95524505,4.149284571428573,5.75552,14.301688,8.73651342631579,6.394913142857143,5.95524505,4.149284571428573,5.75552,14.301688,8.73651342631579,6.394913142857143,0.7,0.3,0
536,2400_to_2499,2449.5,20,20,1,1,5.5060459,5.5060459,4.750472,13.635084999999998,9.934309768421052,9.934309768421052,5.5060459,5.5060459,4.750472,13.635084999999998,9.934309768421052,9.934309768421052,1,0,0
799,2400_to_2499,2449.5,20,20,1,1,2.0534544500000003,2.0534544500000003,1.49611,5.963104000000001,3.119706763157895,3.119706763157895,2.0534544500000003,2.0534544500000003,1.49611,5.963104000000001,3.119706763157895,3.119706763157895,1,0,0
803,2400_to_2499,2449.5,20,20,1,1,3.191451,3.191451,3.574614,6.408624,3.465488463157895,3.465488463157895,3.191451,3.191451,3.574614,6.408624,3.465488463157895,3.465488463157895,1,0,0
11,2700_to_2799,2749.5,20,20,1,1,0.6743695,0.6743695,0.511853,1.390237,0.9284616947368421,0.9284616947368421,0.6743695,0.6743695,0.511853,1.390237,0.9284616947368421,0.9284616947368421,1,0,0
21,2700_to_2799,2749.5,20,20,1,8,0.38687915000000006,0.38687915000000006,0.317621,0.924852,0.4725404894736842,0.4725404894736842,0.38687915000000006,0.38687915000000006,0.317621,0.924852,0.4725404894736842,0.4725404894736842,1,0,0
293,2700_to_2799,2749.5,20,20,1,3,3.499169599999999,3.499169599999999,3.066418,8.66371,4.859440852631579,4.859440852631579,3.499169599999999,3.499169599999999,3.066418,8.66371,4.859440852631579,4.859440852631579,1,0,0
356,2700_to_2799,2749.5,20,20,2,5,3.7658469500000002,2.8953680000000004,2.99644,9.880700000000001,5.8820333736842105,4.563941538461538,3.7658469500000002,2.8953680000000004,2.99644,9.880700000000001,5.8820333736842105,4.563941538461538,0.7,0.3,0
536,2700_to_2799,2749.5,20,20,1,1,5.281140000000001,5.281140000000001,4.004313,11.939658999999999,8.662299768421052,8.662299768421052,5.281140000000001,5.281140000000001,4.004313,11.939658999999999,8.662299768421052,8.662299768421052,1,0,0
799,2700_to_2799,2749.5,20,20,1,1,1.8123620500000002,1.8123620500000002,1.189265,4.4587520000000005,2.9970570789473685,2.9970570789473685,1.8123620500000002,1.8123620500000002,1.189265,4.4587520000000005,2.9970570789473685,2.9970570789473685,1,0,0
803,2700_to_2799,2749.5,20,20,1,1,2.7107251,2.7107251,3.789821,5.971539,2.930637294736842,2.930637294736842,2.7107251,2.7107251,3.789821,5.971539,2.930637294736842,2.930637294736842,1,0,0
11,2900_to_2999,2949.5,20,20,1,1,0.7474923499999999,0.7474923499999999,0.551272,1.5314160000000001,0.9291509736842106,0.9291509736842106,0.7474923499999999,0.7474923499999999,0.551272,1.5314160000000001,0.9291509736842106,0.9291509736842106,1,0,0
21,2900_to_2999,2949.5,20,20,1,7,0.32002825,0.32002825,0.298951,0.750023,0.4117613,0.4117613,0.32002825,0.32002825,0.298951,0.750023,0.4117613,0.4117613,1,0,0
293,2900_to_2999,2949.5,20,20,3,3,4.4890381,1.9593526153846155,4.916971,9.728542000000001,5.184881631578947,2.8187044358974362,4.4890381,1.9593526153846155,4.916971,9.728542000000001,5.184881631578947,2.8187044358974362,0.65,0.2,0.15
356,2900_to_2999,2949.5,20,20,2,5,3.8434030500000005,2.988029071428571,3.103796,9.931314,5.778170678947369,4.418283593406594,3.8434030500000005,2.988029071428571,3.103796,9.931314,5.778170678947369,4.418283593406594,0.7,0.3,0
536,2900_to_2999,2949.5,20,20,1,1,4.3301596,4.3301596,3.716711,10.891136,7.623760536842105,7.623760536842105,4.3301596,4.3301596,3.716711,10.891136,7.623760536842105,7.623760536842105,1,0,0
799,2900_to_2999,2949.5,20,20,1,1,1.6040742000000001,1.6040742000000001,1.243796,4.152126,2.644404263157895,2.644404263157895,1.6040742000000001,1.6040742000000001,1.243796,4.152126,2.644404263157895,2.644404263157895,1,0,0
803,2900_to_2999,2949.5,20,20,1,2,3.0891321999999994,3.0891321999999994,4.636227,6.7893740000000005,3.060001305263158,3.060001305263158,3.0891321999999994,3.0891321999999994,4.636227,6.7893740000000005,3.060001305263158,3.060001305263158,1,0,0
11,3200_to_3299,3249.5,20,20,1,1,0.9118401499999997,0.9118401499999997,0.76308,1.6454799999999998,0.9978030473684211,0.9978030473684211,0.9118401499999997,0.9118401499999997,0.76308,1.6454799999999998,0.9978030473684211,0.9978030473684211,1,0,0
21,3200_to_3299,3249.5,20,20,1,4,0.43748354999999994,0.43748354999999994,0.333778,0.9582999999999999,0.46564383684210525,0.46564383684210525,0.43748354999999994,0.43748354999999994,0.333778,0.9582999999999999,0.46564383684210525,0.46564383684210525,1,0,0
293,3200_to_3299,3249.5,20,20,1,3,3.8376433999999997,3.8376433999999997,3.3623000000000003,8.125271000000001,5.1061229789473686,5.1061229789473686,3.8376433999999997,3.8376433999999997,3.3623000000000003,8.125271000000001,5.1061229789473686,5.1061229789473686,1,0,0
356,3200_to_3299,3249.5,20,20,2,5,4.41936895,3.425531214285715,2.881329,10.035338000000001,6.587567784210527,5.199428076923077,4.41936895,3.425531214285715,2.881329,10.035338000000001,6.587567784210527,5.199428076923077,0.7,0.3,0
536,3200_to_3299,3249.5,20,20,1,1,5.34913865,5.34913865,4.400881,11.687230000000001,8.724191510526316,8.724191510526316,5.34913865,5.34913865,4.400881,11.687230000000001,8.724191510526316,8.724191510526316,1,0,0
799,3200_to_3299,3249.5,20,20,1,1,2.0047415500000003,2.0047415500000003,1.39108,5.429883,3.108317878947368,3.108317878947368,2.0047415500000003,2.0047415500000003,1.39108,5.429883,3.108317878947368,3.108317878947368,1,0,0
803,3200_to_3299,3249.5,20,20,1,1,3.07397785,3.07397785,3.415341,5.8038170000000004,3.091258205263158,3.091258205263158,3.07397785,3.07397785,3.415341,5.8038170000000004,3.091258205263158,3.091258205263158,1,0,0
11,3300_to_3399,3349.5,20,20,1,1,0.7262999500000001,0.7262999500000001,0.680663,1.641793,0.9323729526315789,0.9323729526315789,0.7262999500000001,0.7262999500000001,0.680663,1.641793,0.9323729526315789,0.9323729526315789,1,0,0
21,3300_to_3399,3349.5,20,20,1,5,0.5376501,0.5376501,0.286395,0.8256070000000002,0.4802517789473684,0.4802517789473684,0.5376501,0.5376501,0.286395,0.8256070000000002,0.4802517789473684,0.4802517789473684,1,0,0
293,3300_to_3399,3349.5,20,20,1,3,3.7678724000000003,3.7678724000000003,3.113085,8.58232,5.166679536842105,5.166679536842105,3.7678724000000003,3.7678724000000003,3.113085,8.58232,5.166679536842105,5.166679536842105,1,0,0
356,3300_to_3399,3349.5,20,20,2,5,4.808498749999999,3.739923142857142,4.128386,12.723972999999999,7.339809521052632,5.814497076923077,4.808498749999999,3.739923142857142,4.128386,12.723972999999999,7.339809521052632,5.814497076923077,0.7,0.3,0
536,3300_to_3399,3349.5,20,20,1,1,5.805638999999999,5.805638999999999,5.051462,12.644582999999999,9.125839284210526,9.125839284210526,5.805638999999999,5.805638999999999,5.051462,12.644582999999999,9.125839284210526,9.125839284210526,1,0,0
799,3300_to_3399,3349.5,20,20,1,1,2.0049886999999997,2.0049886999999997,1.407567,5.365082999999999,3.1743339789473684,3.1743339789473684,2.0049886999999997,2.0049886999999997,1.407567,5.365082999999999,3.1743339789473684,3.1743339789473684,1,0,0
803,3300_to_3399,3349.5,20,20,1,1,2.9289382500000003,2.9289382500000003,3.555599,6.198188999999999,3.335302447368421,3.335302447368421,2.9289382500000003,2.9289382500000003,3.555599,6.198188999999999,3.335302447368421,3.335302447368421,1,0,0
11,3500_to_3599,3549.5,20,20,1,1,0.76813825,0.76813825,0.6013809999999999,1.5774519999999996,0.9827821631578947,0.9827821631578947,0.76813825,0.76813825,0.6013809999999999,1.5774519999999996,0.9827821631578947,0.9827821631578947,1,0,0
21,3500_to_3599,3549.5,20,20,1,4,0.35639995,0.35639995,0.332756,0.8837440000000001,0.47192829999999997,0.47192829999999997,0.35639995,0.35639995,0.332756,0.8837440000000001,0.47192829999999997,0.47192829999999997,1,0,0
293,3500_to_3599,3549.5,20,20,1,3,2.7600048,2.7600048,2.572357,6.779634999999999,4.281438936842105,4.281438936842105,2.7600048,2.7600048,2.572357,6.779634999999999,4.281438936842105,4.281438936842105,1,0,0
356,3500_to_3599,3549.5,20,20,2,5,4.0005918000000005,3.1477384999999996,3.52266,11.255321999999998,6.104122178947368,4.87644565934066,4.0005918000000005,3.1477384999999996,3.52266,11.255321999999998,6.104122178947368,4.87644565934066,0.7,0.3,0
536,3500_to_3599,3549.5,20,20,1,1,4.788725100000001,4.788725100000001,4.328327,12.765196,8.509422294736842,8.509422294736842,4.788725100000001,4.788725100000001,4.328327,12.765196,8.509422294736842,8.509422294736842,1,0,0
799,3500_to_3599,3549.5,20,20,1,1,1.6920631499999998,1.6920631499999998,1.484131,4.571333,2.9090197210526316,2.9090197210526316,1.6920631499999998,1.6920631499999998,1.484131,4.571333,2.9090197210526316,2.9090197210526316,1,0,0
803,3500_to_3599,3549.5,20,20,1,1,2.8960449500000003,2.8960449500000003,3.446799,7.356269999999999,3.1066151736842107,3.1066151736842107,2.8960449500000003,2.8960449500000003,3.446799,7.356269999999999,3.1066151736842107,3.1066151736842107,1,0,0
11,3700_to_3799,3749.5,20,20,1,1,0.7722713500000001,0.7722713500000001,0.71825,1.755081,0.9890484578947369,0.9890484578947369,0.7722713500000001,0.7722713500000001,0.71825,1.755081,0.9890484578947369,0.9890484578947369,1,0,0
21,3700_to_3799,3749.5,20,20,1,3,0.40913940000000004,0.40913940000000004,0.40222,0.8333310000000002,0.4285364842105263,0.4285364842105263,0.40913940000000004,0.40913940000000004,0.40222,0.8333310000000002,0.4285364842105263,0.4285364842105263,1,0,0
293,3700_to_3799,3749.5,20,20,1,3,3.3998964000000003,3.3998964000000003,3.0662399999999996,7.471751000000001,4.733378536842105,4.733378536842105,3.3998964000000003,3.3998964000000003,3.0662399999999996,7.471751000000001,4.733378536842105,4.733378536842105,1,0,0
356,3700_to_3799,3749.5,20,20,2,5,3.9012435000000005,3.392705500000001,2.643593,9.300356,6.058732157894737,5.086821901098901,3.9012435000000005,3.392705500000001,2.643593,9.300356,6.058732157894737,5.086821901098901,0.7,0.3,0
536,3700_to_3799,3749.5,20,20,1,1,5.056927949999999,5.056927949999999,3.899622,11.169449,8.10833595263158,8.10833595263158,5.056927949999999,5.056927949999999,3.899622,11.169449,8.10833595263158,8.10833595263158,1,0,0
799,3700_to_3799,3749.5,20,20,1,1,1.6897465,1.6897465,1.410722,4.449738,2.86767852631579,2.86767852631579,1.6897465,1.6897465,1.410722,4.449738,2.86767852631579,2.86767852631579,1,0,0
803,3700_to_3799,3749.5,20,20,1,1,3.20619125,3.20619125,3.497889,6.772698999999999,3.0696070473684207,3.0696070473684207,3.20619125,3.20619125,3.497889,6.772698999999999,3.0696070473684207,3.0696070473684207,1,0,0
11,4100_to_4199,4149.5,20,20,1,1,0.97254595,0.97254595,0.717428,1.9565639999999997,1.1306479736842105,1.1306479736842105,0.97254595,0.97254595,0.717428,1.9565639999999997,1.1306479736842105,1.1306479736842105,1,0,0
21,4100_to_4199,4149.5,20,20,1,7,0.4647715,0.4647715,0.44541499999999995,1.055848,0.5527105263157894,0.5527105263157894,0.4647715,0.4647715,0.44541499999999995,1.055848,0.5527105263157894,0.5527105263157894,1,0,0
293,4100_to_4199,4149.5,20,20,2,3,5.5660287,3.2952212499999995,6.059925,12.188979,6.8857658,4.9345572833333335,5.5660287,3.2952212499999995,6.059925,12.188979,6.8857658,4.9345572833333335,0.8,0.2,0
356,4100_to_4199,4149.5,20,20,2,5,5.0243608,3.9044928571428565,4.037346,12.469491000000001,7.940849042105263,6.23561810989011,5.0243608,3.9044928571428565,4.037346,12.469491000000001,7.940849042105263,6.23561810989011,0.7,0.3,0
536,4100_to_4199,4149.5,20,20,1,1,5.843980450000001,5.843980450000001,5.254187,14.04951,10.647847321052632,10.647847321052632,5.843980450000001,5.843980450000001,5.254187,14.04951,10.647847321052632,10.647847321052632,1,0,0
799,4100_to_4199,4149.5,20,20,1,1,2.41397015,2.41397015,1.842353,5.863371000000001,3.959703089473684,3.959703089473684,2.41397015,2.41397015,1.842353,5.863371000000001,3.959703089473684,3.959703089473684,1,0,0
803,4100_to_4199,4149.5,20,20,1,1,3.6478132000000003,3.6478132000000003,4.527225,7.3692519999999995,3.643684084210526,3.643684084210526,3.6478132000000003,3.6478132000000003,4.527225,7.3692519999999995,3.643684084210526,3.643684084210526,1,0,0
11,4200_to_4299,4249.5,20,20,1,1,0.64881195,0.64881195,0.574092,1.5021619999999998,0.8844232894736842,0.8844232894736842,0.64881195,0.64881195,0.574092,1.5021619999999998,0.8844232894736842,0.8844232894736842,1,0,0
21,4200_to_4299,4249.5,20,20,1,3,0.4115053500000001,0.4115053500000001,0.308144,0.8742279999999999,0.47262300526315787,0.47262300526315787,0.4115053500000001,0.4115053500000001,0.308144,0.8742279999999999,0.47262300526315787,0.47262300526315787,1,0,0
293,4200_to_4299,4249.5,20,20,1,3,3.3579051499999997,3.3579051499999997,2.620935,7.979584,4.944736184210527,4.944736184210527,3.3579051499999997,3.3579051499999997,2.620935,7.979584,4.944736184210527,4.944736184210527,1,0,0
356,4200_to_4299,4249.5,20,20,2,5,4.318402799999999,3.2373344285714283,3.523669,10.928203000000002,6.4632529684210525,5.065734087912088,4.318402799999999,3.2373344285714283,3.523669,10.928203000000002,6.4632529684210525,5.065734087912088,0.7,0.3,0
536,4200_to_4299,4249.5,20,20,1,1,5.75750405,5.75750405,5.824803,13.757462,9.24572215263158,9.24572215263158,5.75750405,5.75750405,5.824803,13.757462,9.24572215263158,9.24572215263158,1,0,0
799,4200_to_4299,4249.5,20,20,1,1,2.0821229000000003,2.0821229000000003,1.464169,4.699554,3.2588745263157897,3.2588745263157897,2.0821229000000003,2.0821229000000003,1.464169,4.699554,3.2588745263157897,3.2588745263157897,1,0,0
803,4200_to_4299,4249.5,20,20,2,2,3.3488873999999997,2.038257157894737,3.63606,6.028620000000001,3.368594557894737,3.112403157894737,3.3488873999999997,2.038257157894737,3.63606,6.028620000000001,3.368594557894737,3.112403157894737,0.95,0.05,0
11,4400_to_4499,4449.5,20,20,1,1,0.753497,0.753497,0.624992,1.556646,0.9196881578947368,0.9196881578947368,0.753497,0.753497,0.624992,1.556646,0.9196881578947368,0.9196881578947368,1,0,0
21,4400_to_4499,4449.5,20,20,1,10,0.5114791999999999,0.5114791999999999,0.292074,0.803588,0.4340624105263158,0.4340624105263158,0.5114791999999999,0.5114791999999999,0.292074,0.803588,0.4340624105263158,0.4340624105263158,1,0,0
293,4400_to_4499,4449.5,20,20,1,3,3.3801796000000004,3.3801796000000004,3.001854,8.403582,4.928830557894737,4.928830557894737,3.3801796000000004,3.3801796000000004,3.001854,8.403582,4.928830557894737,4.928830557894737,1,0,0
356,4400_to_4499,4449.5,20,20,2,5,4.302399,3.1046015714285713,3.8575909999999998,12.156461,6.665413842105263,5.04272454945055,4.302399,3.1046015714285713,3.8575909999999998,12.156461,6.665413842105263,5.04272454945055,0.7,0.3,0
536,4400_to_4499,4449.5,20,20,1,1,5.2116331,5.2116331,4.213357,11.680477,8.491721042105263,8.491721042105263,5.2116331,5.2116331,4.213357,11.680477,8.491721042105263,8.491721042105263,1,0,0
799,4400_to_4499,4449.5,20,20,1,1,1.6647949999999998,1.6647949999999998,1.165938,4.423289,2.7603182105263158,2.7603182105263158,1.6647949999999998,1.6647949999999998,1.165938,4.423289,2.7603182105263158,2.7603182105263158,1,0,0
803,4400_to_4499,4449.5,20,20,1,1,2.6697680000000004,2.6697680000000004,3.694877,6.208956000000001,2.8943380631578948,2.8943380631578948,2.6697680000000004,2.6697680000000004,3.694877,6.208956000000001,2.8943380631578948,2.8943380631578948,1,0,0
11,4500_to_4599,4549.5,20,20,1,1,0.7344469499999999,0.7344469499999999,0.48285100000000003,1.339038,0.8626358684210527,0.8626358684210527,0.7344469499999999,0.7344469499999999,0.48285100000000003,1.339038,0.8626358684210527,0.8626358684210527,1,0,0
21,4500_to_4599,4549.5,20,20,1,3,0.35853104999999996,0.35853104999999996,0.416647,0.953568,0.45015078421052634,0.45015078421052634,0.35853104999999996,0.35853104999999996,0.416647,0.953568,0.45015078421052634,0.45015078421052634,1,0,0
293,4500_to_4599,4549.5,20,20,1,4,3.8546361999999994,3.8546361999999994,4.267154,9.330655,5.2380279684210524,5.2380279684210524,3.8546361999999994,3.8546361999999994,4.267154,9.330655,5.2380279684210524,5.2380279684210524,1,0,0
356,4500_to_4599,4549.5,20,20,2,5,4.306327000000001,3.2114664999999993,4.316644,12.114875999999999,6.652303094736842,4.9615434615384615,4.306327000000001,3.2114664999999993,4.316644,12.114875999999999,6.652303094736842,4.9615434615384615,0.7,0.3,0
536,4500_to_4599,4549.5,20,20,1,1,4.9742509,4.9742509,4.075878,12.055788999999999,8.784121094736841,8.784121094736841,4.9742509,4.9742509,4.075878,12.055788999999999,8.784121094736841,8.784121094736841,1,0,0
799,4500_to_4599,4549.5,20,20,1,1,1.8610385500000004,1.8610385500000004,1.488127,4.767295,3.015737815789474,3.015737815789474,1.8610385500000004,1.8610385500000004,1.488127,4.767295,3.015737815789474,3.015737815789474,1,0,0
803,4500_to_4599,4549.5,20,20,1,1,2.4618091500000006,2.4618091500000006,3.7075709999999997,5.93589,2.8443816473684214,2.8443816473684214,2.4618091500000006,2.4618091500000006,3.7075709999999997,5.93589,2.8443816473684214,2.8443816473684214,1,0,0
11,4700_to_4799,4749.5,20,20,1,1,0.76286715,0.76286715,0.651548,1.4345749999999997,0.8988178157894736,0.8988178157894736,0.76286715,0.76286715,0.651548,1.4345749999999997,0.8988178157894736,0.8988178157894736,1,0,0
21,4700_to_4799,4749.5,20,20,1,3,0.39060220000000007,0.39060220000000007,0.248146,0.8923289999999999,0.4544701263157895,0.4544701263157895,0.39060220000000007,0.39060220000000007,0.248146,0.8923289999999999,0.4544701263157895,0.4544701263157895,1,0,0
293,4700_to_4799,4749.5,20,20,2,3,3.8791453499999995,3.933336705882354,2.90806,8.158192999999999,4.959715889473684,4.786872985294117,3.8791453499999995,3.933336705882354,2.90806,8.158192999999999,4.959715889473684,4.786872985294117,0.85,0.15,0
356,4700_to_4799,4749.5,20,20,2,4,3.2754117999999997,2.534488285714286,2.673597,7.927231999999999,5.111725231578947,4.0827102417582415,3.2754117999999997,2.534488285714286,2.673597,7.927231999999999,5.111725231578947,4.0827102417582415,0.7,0.3,0
536,4700_to_4799,4749.5,20,20,1,1,4.74543765,4.74543765,4.358983,11.480547000000001,8.519447731578948,8.519447731578948,4.74543765,4.74543765,4.358983,11.480547000000001,8.519447731578948,8.519447731578948,1,0,0
799,4700_to_4799,4749.5,20,20,1,1,1.83850635,1.83850635,1.186639,4.441034,2.9551736578947367,2.9551736578947367,1.83850635,1.83850635,1.186639,4.441034,2.9551736578947367,2.9551736578947367,1,0,0
803,4700_to_4799,4749.5,20,20,1,2,3.3766827499999996,3.3766827499999996,4.375989,6.938167,3.075097952631579,3.075097952631579,3.3766827499999996,3.3766827499999996,4.375989,6.938167,3.075097952631579,3.075097952631579,1,0,0
11,4800_to_4899,4849.5,20,20,1,1,0.71910275,0.71910275,0.617216,1.494902,0.9163002368421053,0.9163002368421053,0.71910275,0.71910275,0.617216,1.494902,0.9163002368421053,0.9163002368421053,1,0,0
21,4800_to_4899,4849.5,20,20,1,3,0.37716570000000005,0.37716570000000005,0.47208799999999995,0.9337489999999999,0.4512574631578947,0.4512574631578947,0.37716570000000005,0.37716570000000005,0.47208799999999995,0.9337489999999999,0.4512574631578947,0.4512574631578947,1,0,0
293,4800_to_4899,4849.5,20,20,1,3,3.7615461000000003,3.7615461000000003,3.330685,9.050029,5.588377652631579,5.588377652631579,3.7615461000000003,3.7615461000000003,3.330685,9.050029,5.588377652631579,5.588377652631579,1,0,0
356,4800_to_4899,4849.5,20,20,2,5,4.26227275,3.455366785714286,3.395893,10.243162,6.459664310526316,5.3135417252747255,4.26227275,3.455366785714286,3.395893,10.243162,6.459664310526316,5.3135417252747255,0.7,0.3,0
536,4800_to_4899,4849.5,20,20,1,1,5.27982265,5.27982265,4.981574,14.023394,9.231728257894737,9.231728257894737,5.27982265,5.27982265,4.981574,14.023394,9.231728257894737,9.231728257894737,1,0,0
799,4800_to_4899,4849.5,20,20,1,1,2.0072698,2.0072698,1.973791,5.493329,3.290835715789474,3.290835715789474,2.0072698,2.0072698,1.973791,5.493329,3.290835715789474,3.290835715789474,1,0,0
803,4800_to_4899,4849.5,20,20,1,1,2.8919542499999995,2.8919542499999995,3.534691,6.102002,3.0764086789473684,3.0764086789473684,2.8919542499999995,2.8919542499999995,3.534691,6.102002,3.0764086789473684,3.0764086789473684,1,0,0
11,5000_to_5099,5049.5,20,20,1,1,0.7505892,0.7505892,0.6771510000000001,1.591115,1.006118,1.006118,0.7505892,0.7505892,0.6771510000000001,1.591115,1.006118,1.006118,1,0,0
21,5000_to_5099,5049.5,20,20,1,5,0.49743895,0.49743895,0.274124,0.788021,0.39878565789473686,0.39878565789473686,0.49743895,0.49743895,0.274124,0.788021,0.39878565789473686,0.39878565789473686,1,0,0
293,5000_to_5099,5049.5,20,20,1,3,3.00031015,3.00031015,2.262619,6.335984999999999,4.4228223,4.4228223,3.00031015,3.00031015,2.262619,6.335984999999999,4.4228223,4.4228223,1,0,0
356,5000_to_5099,5049.5,20,20,2,5,4.352713150000001,3.442649428571429,3.529302,10.159150000000002,6.510696721052631,5.134409098901099,4.352713150000001,3.442649428571429,3.529302,10.159150000000002,6.510696721052631,5.134409098901099,0.7,0.3,0
536,5000_to_5099,5049.5,20,20,1,1,5.2330757000000006,5.2330757000000006,4.020992,12.151259,8.359438368421053,8.359438368421053,5.2330757000000006,5.2330757000000006,4.020992,12.151259,8.359438368421053,8.359438368421053,1,0,0
799,5000_to_5099,5049.5,20,20,1,1,1.6764561500000004,1.6764561500000004,1.613258,4.9171629999999995,2.8384214157894734,2.8384214157894734,1.6764561500000004,1.6764561500000004,1.613258,4.9171629999999995,2.8384214157894734,2.8384214157894734,1,0,0
803,5000_to_5099,5049.5,20,20,1,1,3.0711866000000003,3.0711866000000003,3.352895,5.818415,2.8894312631578947,2.8894312631578947,3.0711866000000003,3.0711866000000003,3.352895,5.818415,2.8894312631578947,2.8894312631578947,1,0,0
11,5200_to_5299,5249.5,20,20,1,1,1.00120775,1.00120775,0.663066,1.9921890000000002,1.140140647368421,1.140140647368421,1.00120775,1.00120775,0.663066,1.9921890000000002,1.140140647368421,1.140140647368421,1,0,0
21,5200_to_5299,5249.5,20,20,1,7,0.6074314999999999,0.6074314999999999,0.378081,0.972559,0.47967604210526316,0.47967604210526316,0.6074314999999999,0.6074314999999999,0.378081,0.972559,0.47967604210526316,0.47967604210526316,1,0,0
293,5200_to_5299,5249.5,20,20,2,4,5.25115635,3.2516716875,4.96293,12.070794,6.599412415789474,4.726396625,5.25115635,3.2516716875,4.96293,12.070794,6.599412415789474,4.726396625,0.8,0.2,0
356,5200_to_5299,5249.5,20,20,2,5,4.5173931,3.4452772857142855,3.484648,11.202807,6.874425726315789,5.612368813186813,4.5173931,3.4452772857142855,3.484648,11.202807,6.874425726315789,5.612368813186813,0.7,0.3,0
536,5200_to_5299,5249.5,20,20,1,1,7.483973850000001,7.483973850000001,7.3536839999999994,16.695280999999998,10.4688999,10.4688999,7.483973850000001,7.483973850000001,7.3536839999999994,16.695280999999998,10.4688999,10.4688999,1,0,0
799,5200_to_5299,5249.5,20,20,1,1,2.48022395,2.48022395,1.77058,5.943535000000001,3.8477305315789474,3.8477305315789474,2.48022395,2.48022395,1.77058,5.943535000000001,3.8477305315789474,3.8477305315789474,1,0,0
803,5200_to_5299,5249.5,20,20,1,1,3.7086075999999992,3.7086075999999992,4.107652,6.581113,3.390500947368421,3.390500947368421,3.7086075999999992,3.7086075999999992,4.107652,6.581113,3.390500947368421,3.390500947368421,1,0,0
11,5300_to_5399,5349.5,20,20,1,1,0.7648722499999999,0.7648722499999999,0.567153,1.5618470000000002,0.9378259105263158,0.9378259105263158,0.7648722499999999,0.7648722499999999,0.567153,1.5618470000000002,0.9378259105263158,0.9378259105263158,1,0,0
21,5300_to_5399,5349.5,20,20,1,4,0.33137634999999993,0.33137634999999993,0.25782299999999997,0.769855,0.42205483684210526,0.42205483684210526,0.33137634999999993,0.33137634999999993,0.25782299999999997,0.769855,0.42205483684210526,0.42205483684210526,1,0,0
293,5300_to_5399,5349.5,20,20,1,3,2.93218235,2.93218235,2.951866,6.928649999999999,4.405354468421052,4.405354468421052,2.93218235,2.93218235,2.951866,6.928649999999999,4.405354468421052,4.405354468421052,1,0,0
356,5300_to_5399,5349.5,20,20,2,5,3.946634949999999,3.1788511428571433,2.837879,9.568736,5.886784931578948,4.774502197802198,3.946634949999999,3.1788511428571433,2.837879,9.568736,5.886784931578948,4.774502197802198,0.7,0.3,0
536,5300_to_5399,5349.5,20,20,1,1,4.823743899999999,4.823743899999999,3.935082,11.669789999999999,8.558096410526316,8.558096410526316,4.823743899999999,4.823743899999999,3.935082,11.669789999999999,8.558096410526316,8.558096410526316,1,0,0
799,5300_to_5399,5349.5,20,20,1,1,1.8605127,1.8605127,1.131275,5.024791,2.9177786631578946,2.9177786631578946,1.8605127,1.8605127,1.131275,5.024791,2.9177786631578946,2.9177786631578946,1,0,0
803,5300_to_5399,5349.5,20,20,2,2,3.4270505500000006,1.978073894736842,4.633561,7.714163,3.1999466263157896,2.8208701520467834,3.4270505500000006,1.978073894736842,4.633561,7.714163,3.1999466263157896,2.8208701520467834,0.95,0.05,0
11,5600_to_5699,5649.5,20,20,1,1,0.59481275,0.59481275,0.656223,1.3714339999999998,0.8332290578947369,0.8332290578947369,0.59481275,0.59481275,0.656223,1.3714339999999998,0.8332290578947369,0.8332290578947369,1,0,0
21,5600_to_5699,5649.5,20,20,1,5,0.5042386500000001,0.5042386500000001,0.337459,0.8178070000000001,0.4169782157894737,0.4169782157894737,0.5042386500000001,0.5042386500000001,0.337459,0.8178070000000001,0.4169782157894737,0.4169782157894737,1,0,0
293,5600_to_5699,5649.5,20,20,1,3,3.3597767500000004,3.3597767500000004,2.283197,7.62402,4.863738394736842,4.863738394736842,3.3597767500000004,3.3597767500000004,2.283197,7.62402,4.863738394736842,4.863738394736842,1,0,0
356,5600_to_5699,5649.5,20,20,2,5,3.8327552500000004,2.8262045714285713,2.8688569999999998,8.946748999999999,5.689372668421052,4.338358,3.8327552500000004,2.8262045714285713,2.8688569999999998,8.946748999999999,5.689372668421052,4.338358,0.7,0.3,0
536,5600_to_5699,5649.5,20,20,1,1,4.76542025,4.76542025,3.941809,11.322329,8.198211215789474,8.198211215789474,4.76542025,4.76542025,3.941809,11.322329,8.198211215789474,8.198211215789474,1,0,0
799,5600_to_5699,5649.5,20,20,1,1,1.73561175,1.73561175,1.546574,4.6212729999999995,2.782793847368421,2.782793847368421,1.73561175,1.73561175,1.546574,4.6212729999999995,2.782793847368421,2.782793847368421,1,0,0
803,5600_to_5699,5649.5,20,20,2,2,3.4072703000000004,1.8297957894736843,4.591652,7.176259,2.9566722947368422,2.571697239766082,3.4072703000000004,1.8297957894736843,4.591652,7.176259,2.9566722947368422,2.571697239766082,0.95,0.05,0
11,5700_to_5799,5749.5,20,20,1,1,0.6860731000000001,0.6860731000000001,0.529342,1.39931,0.8684012736842106,0.8684012736842106,0.6860731000000001,0.6860731000000001,0.529342,1.39931,0.8684012736842106,0.8684012736842106,1,0,0
21,5700_to_5799,5749.5,20,20,1,3,0.37692995,0.37692995,0.341113,0.9178320000000001,0.4862174157894737,0.4862174157894737,0.37692995,0.37692995,0.341113,0.9178320000000001,0.4862174157894737,0.4862174157894737,1,0,0
293,5700_to_5799,5749.5,20,20,1,4,3.19715335,3.19715335,2.966975,7.495311000000001,4.745876321052632,4.745876321052632,3.19715335,3.19715335,2.966975,7.495311000000001,4.745876321052632,4.745876321052632,1,0,0
356,5700_to_5799,5749.5,20,20,2,5,3.42060095,2.7349715,2.513843,8.09208,5.2851681842105265,4.48763187912088,3.42060095,2.7349715,2.513843,8.09208,5.2851681842105265,4.48763187912088,0.7,0.3,0
536,5700_to_5799,5749.5,20,20,1,1,4.6370451,4.6370451,4.093185,11.629405,8.142695778947369,8.142695778947369,4.6370451,4.6370451,4.093185,11.629405,8.142695778947369,8.142695778947369,1,0,0
799,5700_to_5799,5749.5,20,20,1,1,1.9105375000000002,1.9105375000000002,1.5668440000000001,5.446351999999999,2.853912989473684,2.853912989473684,1.9105375000000002,1.9105375000000002,1.5668440000000001,5.446351999999999,2.853912989473684,2.853912989473684,1,0,0
803,5700_to_5799,5749.5,20,20,2,2,3.5958558000000003,1.7762808421052636,4.835866,8.21279,3.2045696736842104,2.8259499883040937,3.5958558000000003,1.7762808421052636,4.835866,8.21279,3.2045696736842104,2.8259499883040937,0.95,0.05,0
11,5800_to_5899,5849.5,20,20,1,1,0.8292695999999999,0.8292695999999999,0.582334,1.696335,1.0731724947368422,1.0731724947368422,0.8292695999999999,0.8292695999999999,0.582334,1.696335,1.0731724947368422,1.0731724947368422,1,0,0
21,5800_to_5899,5849.5,20,20,1,10,0.46053774999999997,0.46053774999999997,0.346949,0.9654879999999999,0.48736334210526316,0.48736334210526316,0.46053774999999997,0.46053774999999997,0.346949,0.9654879999999999,0.48736334210526316,0.48736334210526316,1,0,0
293,5800_to_5899,5849.5,20,20,1,3,4.0577913500000005,4.0577913500000005,2.770834,9.363673,5.595906278947369,5.595906278947369,4.0577913500000005,4.0577913500000005,2.770834,9.363673,5.595906278947369,5.595906278947369,1,0,0
356,5800_to_5899,5849.5,20,20,2,5,4.464935199999999,3.453776857142857,3.4166369999999997,11.413565,6.932811673684211,5.534098153846154,4.464935199999999,3.453776857142857,3.4166369999999997,11.413565,6.932811673684211,5.534098153846154,0.7,0.3,0
536,5800_to_5899,5849.5,20,20,1,1,6.41464185,6.41464185,6.077725,14.967533,10.106719489473685,10.106719489473685,6.41464185,6.41464185,6.077725,14.967533,10.106719489473685,10.106719489473685,1,0,0
799,5800_to_5899,5849.5,20,20,1,1,2.33150475,2.33150475,1.931901,5.739175,3.669856194736842,3.669856194736842,2.33150475,2.33150475,1.931901,5.739175,3.669856194736842,3.669856194736842,1,0,0
803,5800_to_5899,5849.5,20,20,1,1,2.7619434,2.7619434,3.033732,5.655322,3.2317765263157896,3.2317765263157896,2.7619434,2.7619434,3.033732,5.655322,3.2317765263157896,3.2317765263157896,1,0,0
11,5900_to_5999,5949.5,20,20,1,1,0.65536895,0.65536895,0.577914,1.316515,0.7833522157894737,0.7833522157894737,0.65536895,0.65536895,0.577914,1.316515,0.7833522157894737,0.7833522157894737,1,0,0
21,5900_to_5999,5949.5,20,20,1,3,0.34923355,0.34923355,0.375312,0.904863,0.4239972789473684,0.4239972789473684,0.34923355,0.34923355,0.375312,0.904863,0.4239972789473684,0.4239972789473684,1,0,0
293,5900_to_5999,5949.5,20,20,1,4,3.088760700000001,3.088760700000001,2.7414380000000005,7.309382,4.621286978947368,4.621286978947368,3.088760700000001,3.088760700000001,2.7414380000000005,7.309382,4.621286978947368,4.621286978947368,1,0,0
356,5900_to_5999,5949.5,20,20,2,5,3.5630815999999994,3.0005447857142853,2.225924,8.564316,5.447352021052631,4.471700516483517,3.5630815999999994,3.0005447857142853,2.225924,8.564316,5.447352021052631,4.471700516483517,0.7,0.3,0
536,5900_to_5999,5949.5,20,20,1,1,4.666868000000001,4.666868000000001,4.21316,11.072782,7.615467505263158,7.615467505263158,4.666868000000001,4.666868000000001,4.21316,11.072782,7.615467505263158,7.615467505263158,1,0,0
799,5900_to_5999,5949.5,20,20,1,1,1.5253475,1.5253475,1.177323,3.8461,2.4553696736842103,2.4553696736842103,1.5253475,1.5253475,1.177323,3.8461,2.4553696736842103,2.4553696736842103,1,0,0
803,5900_to_5999,5949.5,20,20,2,2,3.040982,1.402782,4.416562,6.147874999999999,2.503914157894737,2.1355330643274852,3.040982,1.402782,4.416562,6.147874999999999,2.503914157894737,2.1355330643274852,0.95,0.05,0
11,6200_to_6299,6249.5,20,20,1,1,0.76455865,0.76455865,0.575254,1.642919,1.0297767105263158,1.0297767105263158,0.76455865,0.76455865,0.575254,1.642919,1.0297767105263158,1.0297767105263158,1,0,0
21,6200_to_6299,6249.5,20,20,1,4,0.4114902999999999,0.4114902999999999,0.408221,0.992489,0.5529882421052631,0.5529882421052631,0.4114902999999999,0.4114902999999999,0.408221,0.992489,0.5529882421052631,0.5529882421052631,1,0,0
293,6200_to_6299,6249.5,20,20,2,3,5.695323650000001,3.1832271250000006,6.457421,13.120775,7.3041045421052635,5.28345715,5.695323650000001,3.1832271250000006,6.457421,13.120775,7.3041045421052635,5.28345715,0.8,0.2,0
356,6200_to_6299,6249.5,20,20,2,5,5.00156545,4.213340857142857,3.109279,10.939923,7.72467057368421,6.6080177362637365,5.00156545,4.213340857142857,3.109279,10.939923,7.72467057368421,6.6080177362637365,0.7,0.3,0
536,6200_to_6299,6249.5,20,20,1,2,7.648591399999999,7.648591399999999,7.52235,17.692498,12.236564673684212,12.236564673684212,7.648591399999999,7.648591399999999,7.52235,17.692498,12.236564673684212,12.236564673684212,1,0,0
799,6200_to_6299,6249.5,20,20,1,1,2.47949325,2.47949325,1.485864,6.2484709999999994,3.945742394736842,3.945742394736842,2.47949325,2.47949325,1.485864,6.2484709999999994,3.945742394736842,3.945742394736842,1,0,0
803,6200_to_6299,6249.5,20,20,1,1,3.89383325,3.89383325,5.368825,8.561594,3.9461353,3.9461353,3.89383325,3.89383325,5.368825,8.561594,3.9461353,3.9461353,1,0,0
11,6400_to_6499,6449.5,20,20,1,1,0.58357635,0.58357635,0.406264,1.076638,0.7354571210526316,0.7354571210526316,0.58357635,0.58357635,0.406264,1.076638,0.7354571210526316,0.7354571210526316,1,0,0
21,6400_to_6499,6449.5,20,20,1,3,0.4203748,0.4203748,0.346976,0.9464720000000001,0.4550429473684211,0.4550429473684211,0.4203748,0.4203748,0.346976,0.9464720000000001,0.4550429473684211,0.4550429473684211,1,0,0
293,6400_to_6499,6449.5,20,20,1,3,3.2924431,3.2924431,3.234953,7.140896,4.376166884210527,4.376166884210527,3.2924431,3.2924431,3.234953,7.140896,4.376166884210527,4.376166884210527,1,0,0
356,6400_to_6499,6449.5,20,20,2,4,3.4611830500000003,2.881837642857143,2.461482,8.151247,5.241640921052632,4.265459659340659,3.4611830500000003,2.881837642857143,2.461482,8.151247,5.241640921052632,4.265459659340659,0.7,0.3,0
536,6400_to_6499,6449.5,20,20,1,1,4.13018165,4.13018165,3.281711,10.251712,7.200709436842105,7.200709436842105,4.13018165,4.13018165,3.281711,10.251712,7.200709436842105,7.200709436842105,1,0,0
799,6400_to_6499,6449.5,20,20,1,1,1.4706317499999997,1.4706317499999997,1.086565,3.9026729999999996,2.4116837842105263,2.4116837842105263,1.4706317499999997,1.4706317499999997,1.086565,3.9026729999999996,2.4116837842105263,2.4116837842105263,1,0,0
803,6400_to_6499,6449.5,20,20,1,1,2.86159845,2.86159845,3.8756839999999997,5.702685,2.5619645210526314,2.5619645210526314,2.86159845,2.86159845,3.8756839999999997,5.702685,2.5619645210526314,2.5619645210526314,1,0,0
11,6600_to_6699,6649.5,20,20,1,1,0.7250389999999999,0.7250389999999999,0.523271,1.4911740000000002,0.9074293894736842,0.9074293894736842,0.7250389999999999,0.7250389999999999,0.523271,1.4911740000000002,0.9074293894736842,0.9074293894736842,1,0,0
21,6600_to_6699,6649.5,20,20,1,3,0.39760940000000006,0.39760940000000006,0.343518,0.9822820000000002,0.4597305578947369,0.4597305578947369,0.39760940000000006,0.39760940000000006,0.343518,0.9822820000000002,0.4597305578947369,0.4597305578947369,1,0,0
293,6600_to_6699,6649.5,20,20,1,3,3.0708265000000003,3.0708265000000003,2.48646,7.1378449999999996,4.565944673684211,4.565944673684211,3.0708265000000003,3.0708265000000003,2.48646,7.1378449999999996,4.565944673684211,4.565944673684211,1,0,0
356,6600_to_6699,6649.5,20,20,2,5,3.8625260499999996,3.190239642857143,2.6036740000000003,8.85881,5.987030721052632,5.018106318681318,3.8625260499999996,3.190239642857143,2.6036740000000003,8.85881,5.987030721052632,5.018106318681318,0.7,0.3,0
536,6600_to_6699,6649.5,20,20,1,1,4.662787949999999,4.662787949999999,4.272349,11.445154,8.44269104736842,8.44269104736842,4.662787949999999,4.662787949999999,4.272349,11.445154,8.44269104736842,8.44269104736842,1,0,0
799,6600_to_6699,6649.5,20,20,1,1,1.8527784999999999,1.8527784999999999,1.529806,5.2257750000000005,3.001124852631579,3.001124852631579,1.8527784999999999,1.8527784999999999,1.529806,5.2257750000000005,3.001124852631579,3.001124852631579,1,0,0
803,6600_to_6699,6649.5,20,20,1,1,2.4469731,2.4469731,3.928462,6.77411,3.111565663157895,3.111565663157895,2.4469731,2.4469731,3.928462,6.77411,3.111565663157895,3.111565663157895,1,0,0
11,7000_to_7099,7049.5,20,20,1,1,0.8021474,0.8021474,0.903443,2.000628,1.1868544421052631,1.1868544421052631,0.8021474,0.8021474,0.903443,2.000628,1.1868544421052631,1.1868544421052631,1,0,0
21,7000_to_7099,7049.5,20,20,1,8,0.42077485000000003,0.42077485000000003,0.394213,0.903703,0.5185213736842105,0.5185213736842105,0.42077485000000003,0.42077485000000003,0.394213,0.903703,0.5185213736842105,0.5185213736842105,1,0,0
293,7000_to_7099,7049.5,20,20,1,3,4.5854514,4.5854514,4.179177,11.41477,6.676004936842105,6.676004936842105,4.5854514,4.5854514,4.179177,11.41477,6.676004936842105,6.676004936842105,1,0,0
356,7000_to_7099,7049.5,20,20,2,5,5.718848,4.660807,4.036788,13.649928,8.756531694736843,6.873824593406594,5.718848,4.660807,4.036788,13.649928,8.756531694736843,6.873824593406594,0.7,0.3,0
536,7000_to_7099,7049.5,20,20,1,1,7.343902500000001,7.343902500000001,6.01508,16.246102,11.785298189473684,11.785298189473684,7.343902500000001,7.343902500000001,6.01508,16.246102,11.785298189473684,11.785298189473684,1,0,0
799,7000_to_7099,7049.5,20,20,1,1,2.3419335,2.3419335,2.204821,5.8013189999999994,3.9308528736842105,3.9308528736842105,2.3419335,2.3419335,2.204821,5.8013189999999994,3.9308528736842105,3.9308528736842105,1,0,0
803,7000_to_7099,7049.5,20,20,1,1,4.02411045,4.02411045,4.592138,7.604612,3.9531840789473685,3.9531840789473685,4.02411045,4.02411045,4.592138,7.604612,3.9531840789473685,3.9531840789473685,1,0,0
11,7200_to_7299,7249.5,20,20,1,1,0.9625968500000001,0.9625968500000001,0.847461,2.14887,1.2896193210526314,1.2896193210526314,0.9625968500000001,0.9625968500000001,0.847461,2.14887,1.2896193210526314,1.2896193210526314,1,0,0
21,7200_to_7299,7249.5,20,20,1,5,0.5144550999999999,0.5144550999999999,0.384818,1.144211,0.5868517894736842,0.5868517894736842,0.5144550999999999,0.5144550999999999,0.384818,1.144211,0.5868517894736842,0.5868517894736842,1,0,0
293,7200_to_7299,7249.5,20,20,1,4,4.6527849,4.6527849,3.841994,11.573315999999998,7.31695427368421,7.31695427368421,4.6527849,4.6527849,3.841994,11.573315999999998,7.31695427368421,7.31695427368421,1,0,0
356,7200_to_7299,7249.5,20,20,2,5,5.51568875,4.450501785714286,4.911446,14.758109,8.629002805263157,6.687973527472527,5.51568875,4.450501785714286,4.911446,14.758109,8.629002805263157,6.687973527472527,0.7,0.3,0
536,7200_to_7299,7249.5,20,20,1,1,6.5160182,6.5160182,5.890573,15.271189999999999,11.186196252631579,11.186196252631579,6.5160182,6.5160182,5.890573,15.271189999999999,11.186196252631579,11.186196252631579,1,0,0
799,7200_to_7299,7249.5,20,20,1,1,2.4329426,2.4329426,1.79677,5.578672,3.8613054,3.8613054,2.4329426,2.4329426,1.79677,5.578672,3.8613054,3.8613054,1,0,0
803,7200_to_7299,7249.5,20,20,2,2,4.7333278000000005,2.3960412631578945,5.963714,9.379949000000002,4.058908294736842,3.581036409356725,4.7333278000000005,2.3960412631578945,5.963714,9.379949000000002,4.058908294736842,3.581036409356725,0.95,0.05,0
11,7300_to_7399,7349.5,20,20,1,1,0.7048203999999999,0.7048203999999999,0.511978,1.421497,0.9101299368421053,0.9101299368421053,0.7048203999999999,0.7048203999999999,0.511978,1.421497,0.9101299368421053,0.9101299368421053,1,0,0
21,7300_to_7399,7349.5,20,20,1,2,0.39104755,0.39104755,0.32444,0.814574,0.4093716789473684,0.4093716789473684,0.39104755,0.39104755,0.32444,0.814574,0.4093716789473684,0.4093716789473684,1,0,0
293,7300_to_7399,7349.5,20,20,1,3,2.8398682500000008,2.8398682500000008,1.892792,5.931767000000001,4.268254321052631,4.268254321052631,2.8398682500000008,2.8398682500000008,1.892792,5.931767000000001,4.268254321052631,4.268254321052631,1,0,0
356,7300_to_7399,7349.5,20,20,2,5,3.817502449999999,3.1393928571428575,2.996306,9.093139,5.9172219,4.809146285714286,3.817502449999999,3.1393928571428575,2.996306,9.093139,5.9172219,4.809146285714286,0.7,0.3,0
536,7300_to_7399,7349.5,20,20,1,1,4.532544199999999,4.532544199999999,3.424739,11.43559,7.967133273684211,7.967133273684211,4.532544199999999,4.532544199999999,3.424739,11.43559,7.967133273684211,7.967133273684211,1,0,0
799,7300_to_7399,7349.5,20,20,1,1,1.7876405000000002,1.7876405000000002,1.550462,5.853312999999999,2.792798726315789,2.792798726315789,1.7876405000000002,1.7876405000000002,1.550462,5.853312999999999,2.792798726315789,2.792798726315789,1,0,0
803,7300_to_7399,7349.5,20,20,1,1,2.6836182499999994,2.6836182499999994,3.162898,5.876541,2.7973672473684212,2.7973672473684212,2.6836182499999994,2.6836182499999994,3.162898,5.876541,2.7973672473684212,2.7973672473684212,1,0,0
11,7600_to_7699,7649.5,20,20,1,1,0.6811558499999999,0.6811558499999999,0.5909519999999999,1.4380330000000001,0.9133600263157895,0.9133600263157895,0.6811558499999999,0.6811558499999999,0.5909519999999999,1.4380330000000001,0.9133600263157895,0.9133600263157895,1,0,0
21,7600_to_7699,7649.5,20,20,1,4,0.39373195000000005,0.39373195000000005,0.22723900000000002,0.7762629999999999,0.4254506157894737,0.4254506157894737,0.39373195000000005,0.39373195000000005,0.22723900000000002,0.7762629999999999,0.4254506157894737,0.4254506157894737,1,0,0
293,7600_to_7699,7649.5,20,20,1,3,3.4394610499999994,3.4394610499999994,2.871868,7.5079970000000005,4.936772542105263,4.936772542105263,3.4394610499999994,3.4394610499999994,2.871868,7.5079970000000005,4.936772542105263,4.936772542105263,1,0,0
356,7600_to_7699,7649.5,20,20,2,4,5.183393550000001,4.216450714285714,4.271433,15.258863999999999,7.625710089473684,5.577380681318681,5.183393550000001,4.216450714285714,4.271433,15.258863999999999,7.625710089473684,5.577380681318681,0.7,0.3,0
536,7600_to_7699,7649.5,20,20,1,3,5.3579075000000005,5.3579075000000005,3.981488,12.632659,9.033460652631579,9.033460652631579,5.3579075000000005,5.3579075000000005,3.981488,12.632659,9.033460652631579,9.033460652631579,1,0,0
799,7600_to_7699,7649.5,20,20,1,1,1.8250819999999996,1.8250819999999996,1.780942,4.607885,3.018131505263158,3.018131505263158,1.8250819999999996,1.8250819999999996,1.780942,4.607885,3.018131505263158,3.018131505263158,1,0,0
803,7600_to_7699,7649.5,20,20,1,1,2.84947185,2.84947185,3.415947,5.557427000000001,2.8606539210526316,2.8606539210526316,2.84947185,2.84947185,3.415947,5.557427000000001,2.8606539210526316,2.8606539210526316,1,0,0
11,8000_to_8099,8049.5,20,20,1,1,0.7509287,0.7509287,0.592069,1.5482099999999999,0.9195399894736842,0.9195399894736842,0.7509287,0.7509287,0.592069,1.5482099999999999,0.9195399894736842,0.9195399894736842,1,0,0
21,8000_to_8099,8049.5,20,20,1,6,0.5916813999999999,0.5916813999999999,0.432836,0.9831449999999999,0.46042989473684215,0.46042989473684215,0.5916813999999999,0.5916813999999999,0.432836,0.9831449999999999,0.46042989473684215,0.46042989473684215,1,0,0
293,8000_to_8099,8049.5,20,20,1,3,3.686995449999999,3.686995449999999,3.450259,8.281942,5.092025836842105,5.092025836842105,3.686995449999999,3.686995449999999,3.450259,8.281942,5.092025836842105,5.092025836842105,1,0,0
356,8000_to_8099,8049.5,20,20,2,5,4.31043965,3.5984132142857144,3.28204,10.448072,6.52367297368421,5.3965055714285715,4.31043965,3.5984132142857144,3.28204,10.448072,6.52367297368421,5.3965055714285715,0.7,0.3,0
536,8000_to_8099,8049.5,20,20,1,1,4.904769,4.904769,3.737095,11.215813,8.77022165263158,8.77022165263158,4.904769,4.904769,3.737095,11.215813,8.77022165263158,8.77022165263158,1,0,0
799,8000_to_8099,8049.5,20,20,1,1,1.9729462000000002,1.9729462000000002,1.521111,5.532312,3.040845652631579,3.040845652631579,1.9729462000000002,1.9729462000000002,1.521111,5.532312,3.040845652631579,3.040845652631579,1,0,0
803,8000_to_8099,8049.5,20,20,1,1,2.5993719,2.5993719,3.758523,6.491988,3.204258757894737,3.204258757894737,2.5993719,2.5993719,3.758523,6.491988,3.204258757894737,3.204258757894737,1,0,0
11,8400_to_8499,8449.5,20,20,1,1,0.7774895499999999,0.7774895499999999,0.7086020000000001,1.7234580000000002,1.0837073842105263,1.0837073842105263,0.7774895499999999,0.7774895499999999,0.7086020000000001,1.7234580000000002,1.0837073842105263,1.0837073842105263,1,0,0
21,8400_to_8499,8449.5,20,20,1,5,0.5774636500000001,0.5774636500000001,0.345565,0.967138,0.45544247894736845,0.45544247894736845,0.5774636500000001,0.5774636500000001,0.345565,0.967138,0.45544247894736845,0.45544247894736845,1,0,0
293,8400_to_8499,8449.5,20,20,1,5,4.1533995,4.1533995,3.4065149999999997,10.665835,6.101611442105263,6.101611442105263,4.1533995,4.1533995,3.4065149999999997,10.665835,6.101611442105263,6.101611442105263,1,0,0
356,8400_to_8499,8449.5,20,20,2,5,4.834683549999999,3.8476138571428575,4.2562999999999995,14.300666000000001,7.6524879,6.131741934065934,4.834683549999999,3.8476138571428575,4.2562999999999995,14.300666000000001,7.6524879,6.131741934065934,0.7,0.3,0
536,8400_to_8499,8449.5,20,20,1,1,6.54110635,6.54110635,4.719483,13.495387000000001,10.192097994736843,10.192097994736843,6.54110635,6.54110635,4.719483,13.495387000000001,10.192097994736843,10.192097994736843,1,0,0
799,8400_to_8499,8449.5,20,20,1,1,2.5948422,2.5948422,1.5461740000000002,5.506713,3.6387552736842106,3.6387552736842106,2.5948422,2.5948422,1.5461740000000002,5.506713,3.6387552736842106,3.6387552736842106,1,0,0
803,8400_to_8499,8449.5,20,20,2,2,5.807319849999999,2.369054368421053,7.270616,10.574289,4.220548868421052,3.6184242573099414,5.807319849999999,2.369054368421053,7.270616,10.574289,4.220548868421052,3.6184242573099414,0.95,0.05,0
11,8500_to_8599,8549.5,20,20,1,1,0.9433157999999999,0.9433157999999999,0.917049,2.150333,1.2824359263157894,1.2824359263157894,0.9433157999999999,0.9433157999999999,0.917049,2.150333,1.2824359263157894,1.2824359263157894,1,0,0
21,8500_to_8599,8549.5,20,20,1,6,0.69648025,0.69648025,0.44760099999999997,1.132857,0.5592258684210526,0.5592258684210526,0.69648025,0.69648025,0.44760099999999997,1.132857,0.5592258684210526,0.5592258684210526,1,0,0
293,8500_to_8599,8549.5,20,20,1,4,3.5157296000000002,3.5157296000000002,3.54121,9.730346,6.117480442105263,6.117480442105263,3.5157296000000002,3.5157296000000002,3.54121,9.730346,6.117480442105263,6.117480442105263,1,0,0
356,8500_to_8599,8549.5,20,20,2,5,5.596597399999999,4.616862785714285,4.118982000000001,12.865841999999999,8.635510631578947,6.908576604395605,5.596597399999999,4.616862785714285,4.118982000000001,12.865841999999999,8.635510631578947,6.908576604395605,0.7,0.3,0
536,8500_to_8599,8549.5,20,20,1,1,6.16569065,6.16569065,4.7627950000000006,17.773082,11.195889478947368,11.195889478947368,6.16569065,6.16569065,4.7627950000000006,17.773082,11.195889478947368,11.195889478947368,1,0,0
799,8500_to_8599,8549.5,20,20,1,1,2.1714786000000004,2.1714786000000004,1.510012,5.604647,3.688890157894737,3.688890157894737,2.1714786000000004,2.1714786000000004,1.510012,5.604647,3.688890157894737,3.688890157894737,1,0,0
803,8500_to_8599,8549.5,20,20,1,1,3.7653833,3.7653833,4.385924,7.8288530000000005,4.0848508210526315,4.0848508210526315,3.7653833,3.7653833,4.385924,7.8288530000000005,4.0848508210526315,4.0848508210526315,1,0,0
11,8900_to_8999,8949.5,20,20,1,1,0.5215449,0.5215449,0.626732,1.4726910000000002,0.8057038210526316,0.8057038210526316,0.5215449,0.5215449,0.626732,1.4726910000000002,0.8057038210526316,0.8057038210526316,1,0,0
21,8900_to_8999,8949.5,20,20,1,3,0.2620847,0.2620847,0.293915,0.746975,0.37230717894736837,0.37230717894736837,0.2620847,0.2620847,0.293915,0.746975,0.37230717894736837,0.37230717894736837,1,0,0
293,8900_to_8999,8949.5,20,20,1,3,2.8475987499999995,2.8475987499999995,2.787865,6.64818,4.00735562631579,4.00735562631579,2.8475987499999995,2.8475987499999995,2.787865,6.64818,4.00735562631579,4.00735562631579,1,0,0
356,8900_to_8999,8949.5,20,20,2,5,3.5930166500000005,2.903091071428572,2.686224,8.729189000000002,5.512423847368422,4.574412978021978,3.5930166500000005,2.903091071428572,2.686224,8.729189000000002,5.512423847368422,4.574412978021978,0.7,0.3,0
536,8900_to_8999,8949.5,20,20,1,1,4.8445643,4.8445643,4.441336,11.406854000000001,7.591325084210527,7.591325084210527,4.8445643,4.8445643,4.441336,11.406854000000001,7.591325084210527,7.591325084210527,1,0,0
799,8900_to_8999,8949.5,20,20,1,1,1.4392131499999998,1.4392131499999998,1.296371,4.584035999999999,2.429567457894737,2.429567457894737,1.4392131499999998,1.4392131499999998,1.296371,4.584035999999999,2.429567457894737,2.429567457894737,1,0,0
803,8900_to_8999,8949.5,20,20,1,1,2.32086235,2.32086235,2.4589410000000003,4.409176,2.5551141947368423,2.5551141947368423,2.32086235,2.32086235,2.4589410000000003,4.409176,2.5551141947368423,2.5551141947368423,1,0,0
11,9100_to_9199,9149.5,20,20,1,1,0.66118155,0.66118155,0.507869,1.5707749999999998,0.9800835736842105,0.9800835736842105,0.66118155,0.66118155,0.507869,1.5707749999999998,0.9800835736842105,0.9800835736842105,1,0,0
21,9100_to_9199,9149.5,20,20,2,5,0.46027190000000007,0.3780861666666666,0.375822,0.996517,0.5296726421052631,0.5346247908496732,0.46027190000000007,0.3780861666666666,0.375822,0.996517,0.5296726421052631,0.5346247908496732,0.9,0.1,0
293,9100_to_9199,9149.5,20,20,2,3,4.00321625,3.5496371875,3.5121930000000003,10.783075,6.5318490473684205,5.2635063749999995,4.00321625,3.5496371875,3.5121930000000003,10.783075,6.5318490473684205,5.2635063749999995,0.8,0.2,0
356,9100_to_9199,9149.5,20,20,2,5,5.659191900000001,4.344056571428572,4.160935,13.464387,8.218359989473685,6.691599406593407,5.659191900000001,4.344056571428572,4.160935,13.464387,8.218359989473685,6.691599406593407,0.7,0.3,0
536,9100_to_9199,9149.5,20,20,1,1,6.0689307999999995,6.0689307999999995,5.039642000000001,14.475805,10.298830736842104,10.298830736842104,6.0689307999999995,6.0689307999999995,5.039642000000001,14.475805,10.298830736842104,10.298830736842104,1,0,0
799,9100_to_9199,9149.5,20,20,1,1,2.2221021999999993,2.2221021999999993,1.332939,5.382859,3.4701753263157893,3.4701753263157893,2.2221021999999993,2.2221021999999993,1.332939,5.382859,3.4701753263157893,3.4701753263157893,1,0,0
803,9100_to_9199,9149.5,20,20,1,2,4.524365600000001,4.524365600000001,5.854345,8.790320000000001,4.080098884210527,4.080098884210527,4.524365600000001,4.524365600000001,5.854345,8.790320000000001,4.080098884210527,4.080098884210527,1,0,0
11,9200_to_9299,9249.5,20,20,1,1,0.6531007999999999,0.6531007999999999,0.595368,1.357504,0.8620985578947369,0.8620985578947369,0.6531007999999999,0.6531007999999999,0.595368,1.357504,0.8620985578947369,0.8620985578947369,1,0,0
21,9200_to_9299,9249.5,20,20,1,3,0.24703094999999994,0.24703094999999994,0.260798,0.712608,0.3659131105263158,0.3659131105263158,0.24703094999999994,0.24703094999999994,0.260798,0.712608,0.3659131105263158,0.3659131105263158,1,0,0
293,9200_to_9299,9249.5,20,20,1,4,3.4934326500000004,3.4934326500000004,3.601647,8.011916,4.478815036842105,4.478815036842105,3.4934326500000004,3.4934326500000004,3.601647,8.011916,4.478815036842105,4.478815036842105,1,0,0
356,9200_to_9299,9249.5,20,20,2,4,4.25221315,3.1851560714285716,3.020488,9.907116,6.176217542105263,4.809638912087912,4.25221315,3.1851560714285716,3.020488,9.907116,6.176217542105263,4.809638912087912,0.7,0.3,0
536,9200_to_9299,9249.5,20,20,1,1,4.99494595,4.99494595,4.060842,11.32168,7.857952563157895,7.857952563157895,4.99494595,4.99494595,4.060842,11.32168,7.857952563157895,7.857952563157895,1,0,0
799,9200_to_9299,9249.5,20,20,1,1,1.4520016999999998,1.4520016999999998,1.195337,3.987557,2.383967557894737,2.383967557894737,1.4520016999999998,1.4520016999999998,1.195337,3.987557,2.383967557894737,2.383967557894737,1,0,0
803,9200_to_9299,9249.5,20,20,2,2,4.03634415,1.5378425263157895,4.439819,7.244737,2.8545195,2.5075037192982457,4.03634415,1.5378425263157895,4.439819,7.244737,2.8545195,2.5075037192982457,0.95,0.05,0
11,9400_to_9499,9449.5,20,20,1,1,0.592831,0.592831,0.563726,1.346666,0.7801534736842105,0.7801534736842105,0.592831,0.592831,0.563726,1.346666,0.7801534736842105,0.7801534736842105,1,0,0
21,9400_to_9499,9449.5,20,20,1,7,0.43131785,0.43131785,0.28486,0.927298,0.4776779315789474,0.4776779315789474,0.43131785,0.43131785,0.28486,0.927298,0.4776779315789474,0.4776779315789474,1,0,0
293,9400_to_9499,9449.5,20,20,2,4,4.57784445,2.1385855,5.183960000000001,9.613749,5.278864984210527,3.542122066666667,4.57784445,2.1385855,5.183960000000001,9.613749,5.278864984210527,3.542122066666667,0.8,0.2,0
356,9400_to_9499,9449.5,20,20,2,5,3.7540415999999994,3.1245011428571425,2.61009,9.392614000000002,5.824609,4.822302021978022,3.7540415999999994,3.1245011428571425,2.61009,9.392614000000002,5.824609,4.822302021978022,0.7,0.3,0
536,9400_to_9499,9449.5,20,20,1,1,4.874981750000001,4.874981750000001,3.832027,11.224691,8.024134068421052,8.024134068421052,4.874981750000001,4.874981750000001,3.832027,11.224691,8.024134068421052,8.024134068421052,1,0,0
799,9400_to_9499,9449.5,20,20,1,1,1.5314893500000002,1.5314893500000002,1.552193,4.1098740000000005,2.618486942105263,2.618486942105263,1.5314893500000002,1.5314893500000002,1.552193,4.1098740000000005,2.618486942105263,2.618486942105263,1,0,0
803,9400_to_9499,9449.5,20,20,2,2,2.70281315,1.6337593157894736,3.088134,5.84773,2.6875510368421054,2.4615130058479533,2.70281315,1.6337593157894736,3.088134,5.84773,2.6875510368421054,2.4615130058479533,0.95,0.05,0
11,9500_to_9599,9549.5,20,20,1,1,0.5013949,0.5013949,0.463125,1.153804,0.6742675789473684,0.6742675789473684,0.5013949,0.5013949,0.463125,1.153804,0.6742675789473684,0.6742675789473684,1,0,0
21,9500_to_9599,9549.5,20,20,1,5,0.37046159999999995,0.37046159999999995,0.223016,0.6518549999999999,0.36757664210526314,0.36757664210526314,0.37046159999999995,0.37046159999999995,0.223016,0.6518549999999999,0.36757664210526314,0.36757664210526314,1,0,0
293,9500_to_9599,9549.5,20,20,2,3,2.5804579500000004,2.6136506470588237,2.6169640000000003,5.999227,3.577311552631579,3.5364238970588238,2.5804579500000004,2.6136506470588237,2.6169640000000003,5.999227,3.577311552631579,3.5364238970588238,0.85,0.15,0
356,9500_to_9599,9549.5,20,20,2,5,3.0618255999999997,2.5932072857142856,2.367427,8.144911,4.745733031578947,3.8915989890109888,3.0618255999999997,2.5932072857142856,2.367427,8.144911,4.745733031578947,3.8915989890109888,0.7,0.3,0
536,9500_to_9599,9549.5,20,20,1,1,3.5285012,3.5285012,2.92294,9.075320999999999,6.284562294736842,6.284562294736842,3.5285012,3.5285012,2.92294,9.075320999999999,6.284562294736842,6.284562294736842,1,0,0
799,9500_to_9599,9549.5,20,20,1,1,1.53220185,1.53220185,0.9534039999999999,3.621763,2.2323530684210526,2.2323530684210526,1.53220185,1.53220185,0.9534039999999999,3.621763,2.2323530684210526,2.2323530684210526,1,0,0
803,9500_to_9599,9549.5,20,20,1,2,2.6122054500000003,2.6122054500000003,3.4912840000000003,5.481866000000001,2.4317922789473685,2.4317922789473685,2.6122054500000003,2.6122054500000003,3.4912840000000003,5.481866000000001,2.4317922789473685,2.4317922789473685,1,0,0
11,9600_to_9699,9649.5,20,20,1,1,0.75814715,0.75814715,0.550302,1.587248,1.0349185842105262,1.0349185842105262,0.75814715,0.75814715,0.550302,1.587248,1.0349185842105262,1.0349185842105262,1,0,0
21,9600_to_9699,9649.5,20,20,1,3,0.32801035,0.32801035,0.317452,0.8775620000000001,0.4651771210526316,0.4651771210526316,0.32801035,0.32801035,0.317452,0.8775620000000001,0.4651771210526316,0.4651771210526316,1,0,0
293,9600_to_9699,9649.5,20,20,1,4,4.0708101,4.0708101,3.447758,8.956108,5.73440072631579,5.73440072631579,4.0708101,4.0708101,3.447758,8.956108,5.73440072631579,5.73440072631579,1,0,0
356,9600_to_9699,9649.5,20,20,2,5,4.478029349999999,3.85631,2.922859,11.492496000000001,7.1905885631578945,5.955554791208791,4.478029349999999,3.85631,2.922859,11.492496000000001,7.1905885631578945,5.955554791208791,0.7,0.3,0
536,9600_to_9699,9649.5,20,20,1,1,6.0906290499999995,6.0906290499999995,5.410827,14.294381,9.857663005263158,9.857663005263158,6.0906290499999995,6.0906290499999995,5.410827,14.294381,9.857663005263158,9.857663005263158,1,0,0
799,9600_to_9699,9649.5,20,20,1,1,2.0349861999999996,2.0349861999999996,1.715904,5.320730999999999,3.3402367578947367,3.3402367578947367,2.0349861999999996,2.0349861999999996,1.715904,5.320730999999999,3.3402367578947367,3.3402367578947367,1,0,0
803,9600_to_9699,9649.5,20,20,2,2,4.301425050000001,2.082345421052631,5.3882259999999995,8.080903,3.3872875315789472,2.933589321637427,4.301425050000001,2.082345421052631,5.3882259999999995,8.080903,3.3872875315789472,2.933589321637427,0.95,0.05,0
11,9900_to_9999,9949.5,20,20,1,1,0.6363654000000001,0.6363654000000001,0.6032489999999999,1.3481049999999999,0.8185811052631579,0.8185811052631579,0.6363654000000001,0.6363654000000001,0.6032489999999999,1.3481049999999999,0.8185811052631579,0.8185811052631579,1,0,0
21,9900_to_9999,9949.5,20,20,1,3,0.34714785,0.34714785,0.273111,0.776219,0.3808042368421053,0.3808042368421053,0.34714785,0.34714785,0.273111,0.776219,0.3808042368421053,0.3808042368421053,1,0,0
293,9900_to_9999,9949.5,20,20,1,3,3.7316609000000005,3.7316609000000005,3.6316330000000003,8.247769,4.858602873684211,4.858602873684211,3.7316609000000005,3.7316609000000005,3.6316330000000003,8.247769,4.858602873684211,4.858602873684211,1,0,0
356,9900_to_9999,9949.5,20,20,2,5,3.6599273500000002,3.069778,3.039785,8.991819000000001,5.776282047368421,4.640901582417583,3.6599273500000002,3.069778,3.039785,8.991819000000001,5.776282047368421,4.640901582417583,0.7,0.3,0
536,9900_to_9999,9949.5,20,20,1,1,4.219466850000002,4.219466850000002,4.517021,9.746407999999999,6.985136563157895,6.985136563157895,4.219466850000002,4.219466850000002,4.517021,9.746407999999999,6.985136563157895,6.985136563157895,1,0,0
799,9900_to_9999,9949.5,20,20,1,1,1.7267354000000001,1.7267354000000001,1.343426,5.055842,2.6226222736842106,2.6226222736842106,1.7267354000000001,1.7267354000000001,1.343426,5.055842,2.6226222736842106,2.6226222736842106,1,0,0
803,9900_to_9999,9949.5,20,20,2,2,3.4163115000000004,1.962716894736842,3.853313,6.294641,2.9629528210526317,2.6459442573099414,3.4163115000000004,1.962716894736842,3.853313,6.294641,2.9629528210526317,2.6459442573099414,0.95,0.05,0
